653 5246 4326
5229 4066
8617 9250
7317 3712
2709 6337
4826 1650
1183 4968
1123 6854
365 4349
5157 1982
5724 300
4556 3698
8387 9087
8312 4220
6951 3250
4848 8965
3031 7630
3232 6430
142 8000
4338 549
2199 2851
4171 5516
2370 3383
4084 5294
3628 2735
3035 5593
9292 9353
4792 3944
8164 7679
7281 3105
2070 1468
9098 8482
4912 1454
9454 2330
9231 1406
610 144
5660 1430
1165 4781
76 8031
7118 1602
7195 56
9409 154
4098 2839
518 4202
3659 8614
82 7800
2634 5729
7183 5532
4214 7546
8952 6638
6782 9797
1228 9562
696 8795
6826 8745
347 772
828 3944
450 7543
382 6590
7144 900
5867 7253
1405 803
2884 2301
4186 4039
7937 68
3058 4752
4550 6889
2804 6192
4987 5778
875 3500
624 1813
2110 1223
5118 7804
746 8912
6165 1852
9105 7890
5045 2032
4333 6862
901 7930
7998 4871
9624 8838
2080 7408
3600 4174
9952 1236
1088 8588
401 7179
8402 1712
5868 8863
4128 3520
5373 6615
857 293
2325 830
7693 5903
185 3010
7882 8594
3785 4535
1943 7506
8032 2217
3453 5543
4131 4336
1515 893
8957 885
9748 9918
3438 4825
7792 3876
521 5163
5994 5002
7257 9198
8561 3687
8633 7442
1977 2795
6653 8770
987 3920
9463 4685
9021 792
1685 3595
832 536
454 642
1820 580
809 245
1760 9612
4614 7682
6881 7754
7793 8223
5665 5442
8237 2779
1549 7642
7914 4890
5927 8889
6033 7378
7325 4948
5484 7719
4713 8157
5089 2291
8888 6533
2498 2250
9933 648
4755 3464
1688 6814
8608 8900
1679 7353
1348 3197
4439 9581
8470 9262
2992 366
5314 4503
8574 317
4826 7150
9441 3288
6173 9916
2166 4681
5330 5023
8488 2099
5265 85
8985 176
3881 3873
7070 7017
6598 1581
844 7861
8227 1420
2275 3836
506 3541
692 850
490 5332
5248 6485
1167 3015
8039 3767
5866 2849
9286 6527
3055 7484
1357 4623
1640 3288
4870 4780
2641 4590
6010 2066
2254 869
762 4638
1840 2760
8093 7806
644 2330
1697 9693
3460 1811
1012 9736
2615 5679
3163 298
4921 2022
1663 4520
5652 6562
1152 2885
4951 4646
1867 3515
8153 7205
6318 2629
6788 9993
8675 763
456 7432
9243 6724
6461 3917
9596 6607
6905 5428
3803 2759
3631 1826
4740 5466
8351 5636
282 2245
5760 9654
3211 2149
1130 265
6610 9529
292 7918
5350 1637
8361 749
1018 945
7552 1174
2955 6966
6077 4457
2636 6758
8576 9708
1696 7376
9621 6927
2933 1978
479 1733
8350 6144
5674 1610
9528 4960
2949 2318
9419 4879
2176 1311
2485 437
3755 9729
538 1792
8550 9832
5893 3174
551 7126
405 7589
5920 172
8258 9690
5835 6399
8009 6608
7921 7861
179 7538
8769 870
2181 9599
6388 945
7026 1019
2811 144
6328 7565
739 7714
1192 2221
6163 1290
7815 7950
7640 2083
4834 2425
9033 3475
7688 2844
6734 3306
4177 4220
171 1855
9152 2710
81 6559
3055 6179
3744 9245
3311 5736
4309 835
2126 4503
2453 472
8907 6293
8718 6446
6273 94
2938 4103
3762 3962
8182 6024
4231 7939
7001 8353
1264 3383
5914 7083
2680 672
2760 9658
494 5991
6846 7069
3894 8972
1617 9300
5746 2801
2895 6687
7142 2019
2333 2185
4561 904
5195 6867
1572 8792
8528 2197
5632 9189
9861 4442
453 8312
655 2621
6042 947
6271 7501
6801 9936
9090 4240
927 8899
7271 8337
523 8069
8974 5956
2824 1436
6581 521
2718 4396
9937 5109
5903 8350
3014 9798
8771 6356
3655 3669
7523 1166
1102 9926
4166 676
9576 192
8530 1445
9515 3199
9155 5405
3193 4841
5362 8331
9080 9774
4883 4433
9135 9017
5168 787
3495 2150
2171 291
1457 7151
3429 9694
371 8912
9104 7596
5393 6299
9498 3986
5743 1260
2453 5005
9689 8937
8711 7816
8601 8769
7786 9947
7086 7736
9886 2954
9598 581
7732 8410
8104 1055
9967 1162
5110 8475
1126 5424
9410 503
1764 624
1982 1506
443 4217
8385 1671
440 5506
5453 3338
1075 4578
7533 2539
9473 7313
5723 7131
4538 7205
4719 180
5007 858
6282 9829
6685 6134
3110 2044
3550 4801
5370 5092
6763 3993
5852 108
3446 3555
8134 1305
197 873
8187 2019
5502 9670
6875 262
442 6392
7250 7947
4128 5450
7936 3532
5577 7165
1966 1046
6139 5479
5825 3689
3797 9254
9162 1677
2982 3595
4469 3648
2019 9531
9201 9008
9270 7521
265 2429
376 6065
7867 7516
1048 4504
1670 5803
3201 2977
4809 9988
3677 5692
4947 634
2311 3826
3774 461
4109 1645
1177 8243
3603 6128
1 6730
9159 2873
5290 266
4134 9535
392 3157
5312 1535
4512 8414
4754 8514
4206 5673
6307 4784
8610 5505
5966 4970
2968 8736
3331 6427
8907 4145
875 6934
9808 5260
1879 6387
2274 1450
4608 6013
7548 2666
7432 6272
4786 8413
4086 2187
6971 5345
850 394
1716 1933
670 3169
5948 4684
5181 4001
936 4856
116 6057
8796 7096
4898 1995
8009 1070
3737 5858
2131 1909
322 7521
9708 3269
8614 4409
1155 3031
4965 9465
8986 2871
7556 1987
2340 4934
9790 2737
5146 9628
6724 6259
4606 3942
5013 1623
7481 8967
877 5102
2623 5964
9234 1199
5608 8684
1715 7848
3665 6763
5987 3032
5019 2651
3938 3543
6280 7360
6988 80
6339 1427
1721 65
8040 7298
6265 6734
1836 1873
7838 7142
4694 812
9496 3424
1272 6654
9770 1211
4244 1290
3941 5757
9300 5615
2975 4231
4312 1932
3359 6316
6381 651
7949 1433
8167 773
2646 567
7709 6356
7168 6836
260 2403
5410 6664
4227 7885
9175 5180
937 8471
4087 9468
3700 237
8521 3414
6082 8012
5015 8233
9666 2463
9588 9317
9884 7833
541 8587
5423 3945
2701 7709
725 2036
9921 8111
3291 4953
9776 9096
8564 4228
817 215
9982 2264
6628 9338
7571 6064
4880 1644
961 7237
1423 4468
3055 845
4790 1964
6026 4831
6867 7491
5602 3103
8056 6788
5884 5245
5825 4185
752 800
3065 6642
2333 734
3151 9693
7689 6256
9846 8031
8851 8650
5847 1269
9585 8259
3090 638
4481 1963
5067 9957
3097 6436
8033 9475
3660 8981
6133 3859
501 765
7851 9198
5244 9186
5443 1002
5385 2933
7936 5289
2910 4237
8848 3783
773 8847
811 1938
8247 1607
4395 5878
5353 1344
6677 2428
6287 5366
6131 2810
8361 3141
2327 334
1337 9957
9242 4122
5763 3074
7311 7178
7314 8673
7521 2511
4449 8087
6046 4684
562 9048
6744 441
2870 2267
3985 9773
8936 9157
8650 116
451 7297
3606 978
1452 8140
1214 2848
6379 7216
5889 4878
7389 3693
8132 9762
4446 8191
3591 531
972 1360
9980 336
109 194
5704 3965
434 5397
9046 4354
1684 7237
5377 2652
1853 3137
353 2943
4173 8232
8277 6242
2357 7915
6106 2761
3292 3155
868 6049
6385 617
811 848
1165 2847
8244 6515
870 1599
8836 7291
6295 2554
2043 565
3509 8148
2732 2396
4991 7682
5597 7361
6475 7348
6855 8055
4105 9767
6736 4075
4923 6842
6041 7548
415 6089
4040 638
4281 1285
192 2877
3442 576
5077 2235
984 3303
986 4161
7875 5975
9675 2935
7343 4350
469 6530
6958 1448
4642 7206
1106 1881
4322 684
7674 1521
9159 4715
7592 1955
8883 9351
7938 7386
690 3960
4474 8922
1249 1676
963 8701
3051 924
3807 8306
6106 9872
7078 765
8998 749
7785 4536
6058 9673
4388 5459
3766 5217
920 8332
5718 2649
2962 5210
485 6408
4436 3788
2489 1734
9011 5400
58 5540