7471 9161 5471
3109 2022
2711 8360
7538 8283
2703 8952
1772 216
8318 8842
5353 1513
9422 534
4563 4711
6267 1448
2589 3659
5191 5946
6072 9099
3611 7778
3292 3543
1917 9083
3795 2753
1036 980
6284 7686
7902 3739
8934 8057
5922 2572
3107 4287
5350 1696
9497 7670
7681 7969
3915 8438
7537 2873
7003 9987
9882 1149
6584 6647
9400 8152
9132 379
8065 6789
528 1769
6178 2319
4892 9462
101 2100
149 7999
2021 1803
6124 9646
8084 9703
8928 6391
2730 1974
3123 2283
8931 2613
7117 6059
6438 8331
5120 2601
4370 856
3175 2001
7815 548
9001 8067
2418 4269
2424 9150
5148 4440
495 8549
4940 3232
5206 9423
1706 7671
6636 4681
740 6989
1673 105
2706 3531
4387 3145
5146 7077
3977 7562
1982 9314
9935 9330
4832 4400
8840 2359
908 9980
9565 9335
5110 2201
6224 4771
5805 3169
158 9212
9317 2897
6428 1831
1329 2023
5452 7167
4730 6475
2141 5782
5112 6712
1112 2076
788 9945
9925 6305
5640 8048
249 9490
614 7103
272 2825
2037 2771
5668 430
8614 1354
3378 2097
9264 9943
2770 5182
964 346
3410 1264
3340 6077
6022 875
7180 480
8529 2299
1790 9172
6275 8778
7956 8756
1527 6547
3330 9993
1348 7195
5644 8296
8239 1078
6260 1261
7959 7361
8625 7225
9654 1370
8597 8318
8798 5676
4327 5777
4949 7327
2458 6117
1225 1225
4124 414
6759 2752
6300 7454
5750 8107
5537 8296
5909 341
7703 8150
5375 221
7943 2680
7350 1381
7057 6540
8669 2501
9828 1384
3854 3618
1195 8638
5404 1431
536 5320
9126 2164
6623 3188
7836 4877
5218 8513
6663 98
319 9273
8306 8390
9771 4614
1154 5656
8157 3180
4564 6175
9793 4338
9328 4770
2554 7341
9013 4733
3249 3090
6278 8139
3016 9872
4737 4114
4212 4587
212 1400
9790 883
5497 8518
4175 9561
9093 3003
9178 8684
3022 3658
4780 5324
9017 2351
3436 7334
6776 8030
6169 6685
2909 3054
3521 5538
6477 7647
9047 4085
4969 6689
1560 5190
1103 6818
6174 2087
771 197
207 1704
3380 146
2497 1339
5026 2397
427 2285
8970 1802
1209 2949
8487 8231
5878 4730
5167 1316
8005 1278
2820 6488
3307 5917
8004 3923
472 5833
7537 8776
8922 679
8371 918
9667 7771
56 3397
1551 95
3044 5378
3609 2760
3842 7883
5551 9488
7118 9010
5498 9908
5826 9938
213 5157
7342 3830
8958 686
7717 4880
2150 7880
2003 6088
5837 1817
8264 8411
3789 7389
149 7660
1895 7399
3239 3992
9354 7446
7355 6709
6647 4852
6362 3181
3363 6860
3898 3704
8584 2322
6554 7968
408 7086
5256 8558
3321 6246
3635 3520
1181 7111
862 136
480 3076
523 453
7162 9834
1039 4230
7411 161
3373 7401
1105 774
3096 3624
1592 6042
3128 9651
4561 2000
8246 8384
8257 7882
1345 8233
4722 9438
8866 8559
5364 5202
5037 5741
9971 2526
9039 6076
9829 3734
4509 8765
2389 934
6976 3957
9960 3981
5981 6457
1193 873
5108 580
5165 9450
5240 6453
1365 9887
5090 459
6200 6729
5608 6479
8907 2524
6258 4647
9764 5088
6022 767
1077 2153
6134 9351
2160 1037
8263 8468
5400 9705
5508 3371
6176 565
453 748
7559 7541
4271 1895
4726 3760
6284 6231
7230 9985
5073 2542
9662 6995
9148 7447
3150 7091
8128 1635
103 5310
5016 2743
6114 5503
2420 524
7624 2291
9832 9225
7472 5184
5296 455
3038 2198
8535 7932
6826 269
3616 9960
7408 6488
9931 2764
4399 558
2221 8060
7155 854
2709 7237
4113 3270
5561 1482
707 1737
3273 1745
8553 8180
6730 8569
6501 1591
8212 1618
1578 9680
6168 1828
4593 8986
5897 6100
512 5344
2551 8118
1707 7667
7289 1612
3094 5820
3909 2850
948 154
8334 7183
2104 9501
7444 1416
3034 4958
4638 5657
7485 4613
9951 7158
9610 8430
127 2200
6670 6474
494 9030
6994 8377
549 7783
6986 89
6595 4459
7994 4286
139 1281
2697 6450
1408 7583
9592 5732
6697 2398
5909 3430
8212 3000
5201 1871
8346 4691
3721 1871
249 5192
2975 716
7157 7150
1609 6313
6951 104
1385 5955
2406 7090
1026 4082
6166 166
8917 618
400 2863
5864 4826
6697 8613
3304 7417
9288 1395
6587 3378
446 5889
3040 5915
8580 3955
4059 1001
6957 5532
2622 5444
9526 5715
5881 0
619 2045
4908 4798
5976 7371
5984 7124
4541 9026
421 5641
5371 182
2423 7009
2924 5817
6124 1815
9169 7856
3388 183
1979 6126
8193 2363
2363 1505
3550 4074
5225 9334
6706 4811
8287 7553
6579 9042
4683 9181
5715 7001
362 54
2223 8138
6306 3286
1142 8347
4882 5475
7953 883
3246 6861
4719 6146
6572 5609
4944 4621
9432 8149
5703 8002
7044 4072
3253 8634
5635 1728
8134 8968
3458 5997
5635 6710
5057 6116
7943 3130
4013 6292
3153 2248
4746 3611
5572 7872
8846 1319
5820 516
4870 4630
8702 7875
6510 1915
9995 8307
7275 8497
847 8129
4839 7086
9554 2834
5964 6249
8893 7498
9746 6329
9940 2046
6271 4493
2164 5513
2381 1469
6099 4336
8564 7252
5519 4802
9461 5074
9923 5514
3643 6737
175 7122
9957 4835
7436 9729
3579 5921
8603 6329
4727 3326
4171 4895
408 7350
8819 2687
7023 9142
2746 4919
6073 5587
7013 8265
3779 5534
8623 3289
411 3774
8609 8798
4880 368
2642 2397
8726 4811
4489 1245
6140 9806
7156 8660
1347 2901
8395 5976
895 4723
310 1141
9406 6968
8854 3676
6965 9537
3311 7478
2628 7376
7745 8273
670 7508
2320 6739
7984 5749
5555 3161
1822 476
9729 2711
8687 9521
4244 8124
9265 5934
9254 907
4583 5023
4560 8109
5587 1548
5276 4224
2497 8215
2076 3021
6112 9519
1620 748
3909 4096
925 3527
6239 2083
1605 654
8779 1278
3565 5849
3108 8044
9420 2819
928 7691
5591 332
4556 2867
1083 868
241 3405
9277 9511
259 6354
6802 897
4425 4168
2604 7727
8382 7016
4646 4209
6410 3513
7909 8211
1031 9519
3562 7329
7662 8311
1179 9154
22 8570
8328 2262
1773 263
2969 7605
4854 8384
8904 9772
7499 9279
2647 1508
5717 2233
5746 7294
5505 8480
7999 3656
7337 2888
1200 1561
7067 1351
6274 2379
993 7089
3705 4602
2207 9118
7502 6674
2798 7061
2693 6406
4267 298
8883 5340
8986 6336
4816 982
990 4492
3732 2815
729 8327
6031 4932
3663 4148
7590 2305
6907 4656
3774 1295
4321 9114
2527 7628
387 7120
3770 5220
6913 4654
990 2653
9987 5899
6743 2159
1326 977
9305 476
1760 2055
6204 1688
3993 5424
6432 3794
1441 900
6366 207
4187 2114
5586 5245
6818 4574
5580 9356
8362 83
2334 2923
5082 8349
9327 9078
5906 6408
4816 4984
6672 4018
9442 7372
7518 7017
4269 5875
2434 8959
7425 6987
2232 6621
7548 3012
8720 9050
5485 9480
2403 7082
1784 7820
6898 3837
246 7463
8799 9156
3174 1414
8786 1823
8840 8969
4844 6304
1615 9461
6448 3630
251 9040
8404 8680
4083 4151
3632 7125
559 9568
7388 2387
6225 8695
6158 638
6146 2823
4237 1309
3132 9321
8290 9375
5679 8324
7785 9486
3116 3646
9038 4233
2914 9719
223 7443
4568 3349
9269 3855
2594 1479
175 6658
3648 5171
7994 2685
3995 9795
5468 8583
7958 7127
5452 3758
9596 3637
3635 3237
7471 2712
8783 2674
117 6737
6438 9006
9213 1037
2516 5707
8717 1808
3331 9043
1729 2366
8513 1326
9909 2076
9203 3981
4091 7868
7857 1007
4245 3687
2751 1493
4167 8068
1157 7886
6893 636
1673 7595
9654 2458
618 541
5937 8372
7090 3950
5276 7666
9742 5603
5936 1537
5757 5297
6305 27
66 9967
1460 6902
1322 9169
7055 1979
8967 2479
6426 3948
2759 6992
7533 6080
804 3377
7327 3470
7488 7894
9849 2603
493 3582
8880 5785
2164 6250
6217 1537
8439 8582
7751 4029
2360 6113
4944 1159
1459 1327
8319 1370
3802 4218
7596 2205
2027 4607
8853 4923
3879 9516
3098 8703
840 724
6974 8330
9867 9357
7939 9544
3573 4658
771 2043
3202 5934
3613 5715
3437 4661
8880 1933
490 3592
8199 6476
7751 2517
8385 3404
2107 7982
8706 7836
6166 9300
8657 2033
1577 2386
7044 6596
4991 5150
7436 4168
6235 8193
2855 1050
9335 9673
3265 8087
915 6177
8694 7816
1220 8666
3001 7080
1268 9680
8980 1707
3740 7434
6172 3989
6937 5317
6820 9569
3737 1929
122 4256
1658 9972
5997 9329
7416 7345
3522 5614
9782 8331
3350 8569
2001 7355
3387 6351
8058 3269
7055 8719
2708 1799
3468 3228
2797 9645
1574 288
897 2886
9210 8049
7378 8907
2605 5208
7174 1147
9478 2479
1048 3309
7016 2828
9179 3049
2670 403
9122 7238
5389 9726
9306 1830
7827 5209
1850 2103
4989 5754
3803 9099
8006 4199
5759 7533
8680 611
3091 9286
8947 4511
7339 491
9893 5963
6366 2871
109 2563
8641 5488
3670 1850
3411 7947
6402 7849
3603 5261
4360 1391
1943 3758
1292 8719
5682 4054
3340 6324
835 5125
5617 2287
4602 4527
7398 1862
4425 968
2808 3859
2061 9419
7366 2830
680 5472
734 121
1512 4283
4394 1446
165 9807
3862 2038
4714 5848
973 3554
2194 5550
77 2942
4804 6796
4117 3827
7686 5582
5001 6925
9756 9747
5219 8719
8840 6788
7423 2305
3752 6705
2864 1817
3855 3917
6117 3078
6633 8570
472 3443
6385 5179
1975 6901
728 7542
3124 2444
9370 4766
4513 4477
3196 5478
8618 6084
8390 8389
1446 6041
7859 8494
2411 4310
7389 8066
2988 4881
8324 374
5553 9812
3065 1061
8603 3880
6325 3793
4911 1727
2556 2047
3877 9424
1861 5753
494 2495
8536 251
8745 1940
6250 2747
814 7508
2389 9991
365 154
9967 7065
8127 5918
9799 9384
3178 3082
1162 2476
4523 4441
3866 3718
9471 8400
895 5727
2330 6317
8257 5783
8531 7427
4935 860
851 5697
5851 3677
7094 1217
7135 2170
1555 1573
4656 3286
5762 1085
5526 5818
9536 6637
5037 5744
7823 5360
1677 2284
8068 6505
3932 6287
7147 2951
8648 5220
8897 7998
9215 851
3022 2343
3917 2703
2341 929
8366 8573
4391 8104
1093 244
2341 279
5639 6131
4767 164
6670 3669
9956 9187
2138 6954
2174 7103
1453 7138
7990 7423
9767 7021
6076 7364
4645 3684
8609 8417
2873 3011
3255 9352
9631 3967
6450 5596
2113 1623
1644 1217
6757 5135
2089 1600
5055 8895
2386 616
4391 6508
9881 376
7740 4158
4194 5957
4375 8737
1748 2803
2155 7248
1215 1355
3304 8139
9762 7665
5235 1769
6904 1406
9358 1992
7239 5345
2313 765
3625 9625
1 6705
863 3507
9464 4093
2830 1410
565 191
3792 930
8638 2721
7212 1359
9025 1942
63 3326
1084 612
2604 6967
8664 442
7559 6195
5821 978
4035 1184
4691 2174
2620 1250
2660 508
7051 1802
9085 3226
2299 843
2203 7723
6017 9511
2837 7580
8192 6080
9399 273
7067 7148
9695 8063
5393 4626
5810 1868
395 9428
7031 6854
3714 3015
1169 9691
9269 765
7961 254
4329 1568
7431 164
4096 346
2778 6620
6893 8640
2140 2177
6593 3960
8586 1835
3704 8338
4119 749
7603 4099
3466 1150
7193 1317
8434 987
7594 6463
8031 6395
2911 1923
8622 5463
2083 7007
5647 1400
9930 8977
9289 7787
5975 2875
7565 7876
8625 9679
130 1684
9186 2580
249 9948
935 6380
2843 8683
1431 4881
6805 874
2689 4342
1350 1779
9531 4773
102 3349
1137 5813
8688 9391
3619 7112
3143 6254
4290 8596
7528 9625
5925 3477
9857 7777
2813 3212
8094 2700
9926 596
4938 1251
3030 2616
3741 2640
5990 2561
8375 195
5938 3479
591 3415
9669 9558
4506 86
6063 312
3789 2035
6164 1988
5200 9998
2698 8977
9573 3294
897 8976
7944 864
3504 3927
2841 8037
8232 9494
2973 7568
983 4171
81 9916
6354 7005
7317 4587
6622 2417
757 7458
7456 2787
8116 5958
5604 6506
5482 4042
4906 6502
6781 9779
7816 4762
609 9622
7190 6049
6572 9934
6203 4526
1531 6653
1240 2557
1327 5200
2658 4215
7002 2084
4394 114
6620 1470
5512 6351
9205 2102
1881 418
1533 5986
1961 6050
2099 2142
2076 5503
29 5023
1676 8279
7189 7912
3112 9268
3483 8516
600 5770
5884 6837
8308 1347
7698 2504
959 3820
591 6903
2889 9192
5242 2124
618 1202
6706 3693
8716 2694
7326 6735
4648 6744
6013 4515
9383 4112
9883 5848
2686 9983
1330 2119
4624 7346
7518 5380
2283 1935
7479 8109
6585 1525
2727 2722
2767 3555
2602 5785
8873 1484
8228 9928
795 3521
3985 593
6442 178
6513 3868
5988 9128
2826 4196
9576 6964
8899 344
4806 8212
9737 6378
5452 1391
4947 8816
4602 8220
6056 7549
3829 3475
3348 4284
4878 976
1154 7333
1202 7672
3152 7667
8215 3542
506 5978
6322 7792
6004 5757
8487 1128
8872 2093
909 292
8512 171
4072 1863
5338 4568
5204 4253
5229 5038
2372 6434
4106 6383
402 9926
9820 7258
9588 8618
2762 326
2435 5911
3391 8766
7211 922
7566 8615
8786 8120
9984 6078
6998 9210
3463 1674
6713 8555
1341 8692
1427 5437
5363 5448
9058 1830
6800 5183
1861 8647
910 9562
4680 4296
1570 653
9269 1891
6363 5489
7919 8055
7266 6347
4374 4918
9825 7081
5774 1087
6524 1166
2966 7201
5383 8239
9774 8377
3376 2183
1745 1635
2283 638
1291 2777
4668 205
5694 560
4968 1032
3731 3614
4884 8586
5667 8105
5544 1061
8579 7793
4995 2068
6659 7898
6275 378
8914 6433
4420 6003
6641 7011
9789 6703
3261 7932
4845 809
8193 8955
8921 9813
4751 8277
6382 3805
4866 418
8212 8279
347 9798
7696 9559
6289 3359
9792 3971
9974 5203
8567 4213
7268 2967
899 8356
5517 529
5837 2096
1909 3711
1988 4758
4916 6660
3431 4722
3001 6134
5932 7995
7554 9701
3060 3628
3951 195
5399 9204
9769 3925
3244 3966
8674 7038
3919 4144
6240 4191
4254 9756
867 4502
7514 2594
3669 5783
8269 945
5292 6670
2723 4202
7830 2846
3042 2135
1340 1782
2059 4793
5111 1109
4499 5304
5800 137
680 4771
879 8392
9246 4935
3881 1746
3881 6761
4058 7550
573 2151
2705 9351
8549 3296
5432 6887
5021 7943
9088 3124
585 7081
8737 4199
688 1437
6208 889
5633 1369
2656 7087
5186 4880
7993 6537
440 9067
7570 2051
7754 1013
4309 275
7163 6304
599 6093
5569 2184
5617 9688
239 6155
7592 706
7947 928
2297 3800
7239 3581
8461 1305
7842 2425
1493 6454
4857 8282
5647 9063
5691 2612
5268 6309
2402 9206
1390 2219
1907 7972
479 3360
418 8499
9427 8071
8223 8366
1947 8076
9381 5462
7888 6760
9566 3575
8210 5733
1148 4423
3387 3857
166 6839
2397 5007
7227 8921
3245 140
3500 9134
7633 76
8147 3918
2284 3412
1488 2722
8184 583
7343 7221
797 2424
8157 6909
7685 9007
9216 9306
2497 1072
6080 5735
4656 4895
5035 3307
8793 4253
4329 4887
5157 2779
6191 8828
1550 7442
4377 4032
1253 6086
4863 1721
4982 8402
3761 3020
8678 2667
3740 2978
8713 7528
8775 6172
9479 9721
326 162
5049 8272
7403 1007
6187 206
4000 3595
3979 7737
175 8378
6451 1584
9987 5038
4411 1433
4101 100
9430 9441
3321 4193
365 8143
4216 2096
2258 6196
820 894
1901 3659
3866 8224
8171 8088
2177 4218
8948 2150
3734 8705
95 5399
3185 73
174 858
300 7286
7831 9604
4100 3621
2070 8196
744 4668
1915 4328
4340 1564
9788 168
8257 4558
8776 7959
6461 6786
1843 7725
9476 196
6621 1939
9149 2661
6299 3147
9104 9449
9423 4130
8678 9556
576 7845
2173 9422
7339 2491
2660 2865
7423 7127
1439 7269
4055 6200
277 7900
4448 2251
542 9753
8767 7422
569 9691
9141 5066
5549 6025
5581 4916
2761 4227
2 2510
5001 1286
4152 7341
820 7661
1282 1575
4127 2259
160 1690
3941 756
510 960
8382 4483
4174 5629
695 5304
1329 9667
4583 6244
6824 3263
5773 3696
1335 6826
519 774
4788 5487
3414 1339
3599 6070
7760 3894
4650 111
7423 8053
2536 1512
7141 5806
1110 3063
2730 4189
6785 8791
2054 3666
3714 3609
6787 4179
1306 5049
6888 7306
4998 6094
8516 6655
549 8597
5060 2629
7034 1551
9416 2483
4641 9571
8986 2909
3450 2103
895 1716
1734 236
3845 9301
3481 5449
6850 6985
4291 4787
7233 3739
394 9289
4238 2101
1082 7295
5198 5650
8134 8117
4040 966
3876 9127
1231 3026
1094 7326
3914 2126
7779 9181
982 7760
4745 1260
2399 7832
1571 5388
4678 5984
4438 8317
1964 5268
919 5520
3637 7163
8129 5405
4532 4029
3407 8357
2036 2115
593 4502
35 5950
62 8373
5985 1017
8849 4807
6548 4737
721 6773
5090 7578
2846 5159
680 7055
570 117
5522 669
1051 8699
3409 6407
8522 4458
5312 5445
1395 9116
3841 5347
6364 7810
2617 9826
4563 5214
1987 5517
3095 1637
6796 3429
484 2294
2411 3828
850 7406
6106 4286
693 1901
2711 5867
1312 5567
1035 8024
3371 9059
6869 4876
1055 9736
1302 5839
7708 1970
3607 3289
6718 804
9450 404
584 3555
961 1861
6147 1434
9687 3419
9286 3192
5112 2399
6775 6950
2362 6147
7376 146
6234 5583
7774 8431
401 7536
7177 1835
2639 4009
765 3896
3803 2089
302 7701
5488 1116
4536 2802
2346 5175
3926 174
3477 7458
3606 701
7200 2191
4126 7334
5765 3434
971 8253
88 2518
6527 8148
8396 9079
7520 3644
1346 8551
9668 7822
6976 6834
8361 556
730 9323
6781 2288
9341 559
9102 6739
4073 6541
9976 3229
7834 6190
8709 7299
1799 7922
7001 1588
5233 6548
5099 4521
8695 6579
9765 1119
1675 5672
1347 8126
6766 8758
9317 8128
1220 6108
9001 4772
8001 1645
7836 5329
2628 5835
109 6545
8133 4428
7328 3462
4335 9718
6297 2427
3547 3030
5054 2414
541 5222
332 6401
882 3659
6119 9650
4422 8454
99 5121
450 8775
962 7935
832 9431
211 1071
4533 5318
5036 7539
9966 8868
8250 7686
100 9865
1440 9657
6058 6993
653 1772
7774 3292
1746 3124
8245 8548
7323 1846
6133 5048
4479 4637
5708 6966
8636 4690
2229 6593
1813 3672
7710 8547
4765 6416
6073 7811
1156 6205
7977 2131
1776 8161
1286 5752
652 3522
1720 9531
4579 7976
8965 7854
1172 5410
100 1026
7619 9808
9832 8681
3581 5785
2201 7543
1706 8346
903 8274
6757 2862
1024 8880
984 8533
8408 8662
8193 1637
5965 128
4334 9125
4535 4930
5956 5506
1666 988
6021 9928
5713 7851
1746 9602
4300 4266
2540 3452
2666 5203
436 5649
535 42
8704 1420
9409 8943
5423 3250
2375 1726
6657 9758
1616 3262
4250 8965
8893 9635
7486 272
6226 958
5224 9232
9036 527
5730 4116
9766 8054
8097 6166
3939 301
5596 6801
51 9700
1427 1019
7129 8778
2041 4436
3401 8746
4733 2643
9267 8647
5957 8571
7803 1846
2373 7534
1650 3191
1245 4455
6974 7768
4421 5694
2496 7265
6965 6369
3741 8899
4030 8392
9180 870
5968 2423
5066 8934
7581 701
9272 686
2532 9890
7424 3427
2970 4905
5712 5427
9547 4216
9910 2686
9951 321
6690 8758
4010 3269
8013 431
7654 4392
6815 7194
6128 3622
4324 1881
8919 61
9951 9948
3376 1451
2708 3728
9155 6346
6914 8421
7459 5054
5375 3177
8287 3763
7032 8418
5201 8649
3041 5045
2239 2855
6478 9856
8090 4719
4780 7154
7102 7009
8461 4732
4812 6830
3177 1169
5942 319
5373 6443
9620 9754
3517 7101
5519 4260
2909 6901
1946 720
9928 5951
5807 538
5257 6406
3560 3897
7259 6390
7474 7014
3845 5720
3241 2286
2605 3374
9817 5536
5290 4330
1431 5790
50 8807
5708 3302
375 9311
5262 4006
896 303
6709 7422
7671 2506
8896 6621
3635 4930
7002 2722
5008 7480
854 244
2132 3965
8295 7024
9166 7422
6229 9727
9381 9216
4879 8289
8647 9756
59 142
3916 5896
8402 3120
9741 1587
2870 3650
6372 9729
3561 9872
6468 7732
1697 768
7792 8600
6022 6344
6071 3310
8878 8603
3244 1805
1561 3757
251 8244
492 7973
1093 4167
2107 8894
8896 7187
6916 4977
1201 1620
5704 6829
7597 7670
2622 3753
97 1741
5051 4997
9952 2521
4326 3929
7687 9549
7793 5887
3860 7938
8458 8285
3531 1306
8493 565
5542 8779
6751 1761
8590 6743
765 2455
2560 2540
4281 9740
1089 2657
5178 5685
9614 1041
590 9504
1744 3653
7944 4735
9372 1956
3262 6402
3319 9255
8034 8107
9868 5213
8308 1137
9944 4811
7351 9074
5166 2504
5162 7984
21 6255
7296 340
6197 5988
9641 4239
5326 7941
9897 3937
6691 4699
3954 3160
7619 10
5223 8341
5830 7488
8651 3532
8958 5775
8279 2354
338 476
6731 9793
6486 360
6348 379
4618 2683
6976 2341
2631 9945
996 3225
6385 9322
5685 1302
9643 4005
7845 7260
7144 5474
7601 6496
8850 6102
6578 2232
2026 5540
2252 9661
41 4864
7547 4952
3646 1011
7308 875
4100 2629
8303 4656
5959 6838
7195 3988
7601 5602
7428 1392
4240 4745
7200 5029
7262 3090
4982 130
9792 5640
504 3587
4891 6185
3548 4403
5278 8537
1166 857
5513 5730
2568 9470
9810 1472
3427 6115
7507 7411
8509 7207
2237 1747
1189 5709
2191 5851
1491 6172
6111 8335
4520 1995
2750 1002
5892 4421
5278 4380
110 7058
2880 7143
4968 9031
5146 9043
2806 4747
1954 2654
4401 1315
3376 543
6394 5591
8115 1920
255 4237
2584 4226
1580 1128
5549 5334
9714 7472
883 7179
674 6177
5208 115
9158 5642
6741 354
3008 1965
9632 8696
5591 3762
9353 9361
1281 1986
6223 3820
4398 1536
9016 5160
494 5978
9803 4565
1744 6561
2738 686
801 2419
4413 7946
4652 6312
4629 7507
2555 4013
7775 4261
9974 8146
132 3480
7300 1255
9144 2708
4220 8050
4028 8160
9078 4714
7627 183
869 822
9593 365
4663 8023
4335 359
7866 5668
9681 5316
9577 421
8567 7456
7288 9552
7159 5052
4112 940
8990 2655
816 8332
9398 9370
9554 9894
7068 3378
3743 6775
4798 3014
3373 4759
427 5485
801 7591
4364 108
3916 6731
2635 9283
687 7556
8496 6146
8802 4799
9483 7486
6856 9618
5864 5234
8612 6410
3186 2932
2298 8707
9818 4336
9822 2023
9614 245
6705 6975
58 330
9614 6973
4529 2693
8840 301
1453 3025
6863 7642
3612 7288
8874 3720
6482 9476
8760 3838
2546 6020
357 1059
9434 8716
5314 6531
9858 9049
5731 2019
5345 9917
2610 5345
5647 6226
5604 7802
1796 3452
740 2467
2539 5408
1236 5967
9805 9022
5042 6349
7408 8703
7420 1751
4634 6842
2243 2734
1105 4493
4410 7975
9672 6450
9029 3372
1175 1671
5123 4633
7100 9323
4732 2216
8183 9640
5014 2320
8669 7988
6692 56
8160 6077
9272 464
3198 2794
7287 7867
2194 4303
7106 8049
1422 1867
9890 6135
7120 8949
8272 5014
7230 4220
212 9356
1677 1765
9753 1578
7987 346
2776 2797
3261 6147
8941 8400
2619 6459
7115 2581
6982 1166
9385 4221
6708 4756
3705 9275
4289 3828
4400 8330
4038 7871
9636 965
2543 2067
8766 5742
4891 530
6677 7894
6294 4505
7316 1971
904 5265
6431 4431
5004 7886
2643 5816
1444 1712
1892 2700
7382 5733
9957 6293
3610 7773
9840 5945
1687 6153
6684 4958
2852 2931
7436 9713
8036 9146
764 4752
9184 8940
3179 7195
9364 540
2253 5822
4874 808
2893 497
3142 8609
6382 2850
5148 6752
2906 2574
7533 6835
6118 5942
5655 385
5884 3554
8307 3692
8984 6648
3843 3843
4383 2163
4337 9559
6719 2988
3486 9212
7821 9613
8815 6628
3381 555
3129 3963
7151 2639
8581 662
1048 3269
6824 4236
4280 6932
9932 1483
1678 3265
5428 3775
9687 6061
5402 9766
5330 6406
2371 8888
1868 3151
58 1187
1502 5249
4240 3187
3850 8653
8275 2821
3410 1250
4534 1451
2934 7690
7307 4466
4593 964
7025 9088
5206 4280
7039 8779
7667 536
39 9410
6949 5888
1137 97
3284 8452
3457 5378
4551 3486
4736 1732
9535 7961
2004 5622
88 8821
9785 9311
8399 1034
1666 3163
1942 3605
493 8705
4468 5962
1850 532
629 7769
2573 9339
1069 266
3752 6031
4115 5621
9934 4841
6815 3651
8824 1938
7602 6904
4290 8610
1773 2353
2311 5956
1014 67
6029 2804
3337 5482
9603 7879
3571 318
6936 2177
4560 4640
6613 689
1882 5027
5030 6548
8486 8697
1953 3855
2465 2440
4794 6243
8552 590
657 7105
9909 9566
1400 6687
918 9598
6269 1003
9532 4489
5482 3205
3894 4092
9120 2095
8643 2128
7178 4150
4357 3482
5922 9131
1727 6822
3764 716
7821 279
6197 4422
7461 4083
33 3949
4952 4731
5573 6302
9508 837
4929 1055
3150 9754
1883 401
904 8146
1628 9061
4544 5261
8436 7550
4619 2623
9254 2200
2974 8792
9227 5451
9400 6787
1519 9261
5563 705
1542 3444
4499 1423
1178 2823
9577 4001
2147 9413
4826 6833
8446 3775
7678 5722
8346 6882
5435 2297
7441 7600
9404 4761
7901 6669
5930 5156
5861 5772
9216 7845
9269 3755
2931 3715
7716 6799
2564 8860
5693 6216
9991 7390
9464 4139
7374 7669
6318 7810
1763 9161
3922 3760
6781 1167
6323 1823
7595 2711
556 8537
8644 6811
6878 6177
2976 1575
435 947
7163 5540
9282 2480
6620 3506
7528 8747
2909 3994
3155 3846
3958 4672
2191 3429
1605 739
9802 8515
3404 5552
8716 6711
9240 2048
3624 5594
2893 2217
4109 411
2892 56
3563 9744
8491 5864
6210 7443
1289 7752
2425 5717
9146 1600
8691 968
9483 7103
2656 8494
1557 2887
4936 1372
6966 797
9366 4912
1675 6212
6268 3476
9572 4567
431 6183
3626 4415
2167 6641
8710 1268
9220 944
1913 7857
4960 7911
2757 7748
636 3968
5340 666
1464 1924
3188 8659
4871 830
658 4863
5783 7491
27 6582
997 6214
9208 5
7625 3165
4109 4270
2127 6845
1109 2374
123 3440
3760 3866
4533 7111
9035 9101
4112 2349
9531 8575
3438 8983
2826 6542
3124 9221
1788 2853
9211 474
3639 7348
1618 6836
3682 4100
6475 98
9890 4791
5009 6598
3709 3650
9103 5894
8243 9096
4023 3215
8550 4127
7021 7461
3035 7729
6934 145
619 1175
4875 6145
9334 610
1063 2845
9295 3016
4159 3890
488 9185
9188 5520
1415 549
5997 4643
4211 6010
6489 20
3833 9113
6842 3510
8 3220
4395 3777
6274 627
7590 5622
8468 5608
4976 8653
2543 7763
3301 5487
1008 9383
6284 8841
3484 8775
4785 8633
5005 4047
3161 7627
1137 5190
8411 3
132 1145
8125 9158
4781 6407
8367 2067
7072 9601
3716 3344
8831 5967
5350 3369
2210 9839
8614 7986
2971 2047
6094 9752
7379 7976
3166 9255
5611 4868
6014 7929
7088 5743
8502 491
2558 8221
4174 6870
214 9630
5597 7890
1260 5397
1589 7299
1637 9822
1869 6555
6307 4608
8936 4316
3571 38
4907 8454
6384 5534
1278 7273
7764 9824
8045 6132
3002 6674
6304 2219
6461 9568
1318 8253
5552 7721
7544 2907
9462 3541
8149 5765
81 2122
8512 3437
1891 5
5539 3419
7044 4627
4451 3169
9302 1160
7834 8848
1067 8656
4577 490
5095 7529
1602 5895
8802 6999
540 5498
1264 4616
6738 5041
8478 1345
7702 1603
5022 6722
1349 3242
2763 8419
5931 5801
4649 2065
7074 3766
608 2069
5950 1651
7546 5704
2703 7552
9403 2700
7316 3244
4637 667
8364 407
2010 3116
9838 6067
5661 3384
8155 7539
3340 8424
6842 4087
4205 4342
6411 3916
5567 4813
6869 2361
6265 3113
5813 9573
9169 5668
2687 9481
6240 3806
3274 7404
9823 4602
7987 9464
7004 5484
3908 6142
6581 6696
1038 750
4666 786
5600 7449
6162 6585
9698 2469
8394 8780
800 1863
7697 3915
4074 9840
7244 3937
8540 7348
6813 7067
8903 2879
5373 169
6865 2811
9914 1955
2741 7904
1705 932
7518 4693
7163 4220
9352 3568
1784 1909
5825 152
6344 9481
9770 9899
3599 3588
7007 4662
7541 6764
6933 5910
5074 9267
1222 3799
1703 1340
8624 315
5009 9760
3980 6142
6063 8524
6785 3332
9837 4199
32 2610
8861 2533
6122 9802
817 2461
5577 9481
1744 4710
3977 2511
6310 6818
8158 1551
1867 4365
4125 6782
9277 3228
1752 4458
4142 1692
5891 8537
7500 331
2865 5923
2077 2713
1526 5339
4820 2894
3957 7104
9615 6564
9734 7934
9486 2277
6642 4244
7379 7705
933 7119
7929 3008
1052 9037
7574 8424
8755 6943
9218 1426
4140 1620
3311 7647
6894 5666
2770 4484
7400 851
5137 8737
1014 7135
7731 975
8680 4008
1128 5110
4470 5965
5002 5409
3833 5522
2465 8929
355 2589
561 8035
5683 4495
162 3873
4709 8929
9780 9284
8022 2109
9244 4917
5893 9036
9397 3328
8438 925
6891 6877
2286 2909
4783 1893
822 6120
5061 7249
1636 1178
2025 1974
2199 3671
2600 8539
7824 6908
9018 2380
3650 2198
7586 4614
7942 9543
468 6983
3860 2733
1994 3711
5605 2499
4971 6777
378 2779
309 32
8358 2015
2038 8687
7226 558
3818 4639
3371 1402
9952 9188
155 7021
2916 7539
874 8097
7182 9737
3448 4735
7234 5528
8658 5405
8185 2205
8589 9036
7403 4846
3533 6947
3857 9442
433 7112
8514 7676
3216 3804
826 8467
2358 3371
7821 3742
9831 3232
7967 5003
6884 3280
8685 1553
110 5542
930 3222
4421 8699
1999 8334
4128 7954
5066 2208
9884 4561
4717 9933
4752 9453
2824 5543
5638 7110
6694 645
2001 1821
5101 1014
2567 8885
4427 139
9713 2678
7729 5357
43 4134
8441 6080
8289 523
5084 3507
9792 4525
3978 6154
8049 4544
8006 6803
7448 39
1861 4701
5715 9449
4686 6962
3453 4634
3664 9113
823 3167
7301 7746
3826 7218
7742 5742
5602 2115
6641 9178
5332 5394
6291 619
3774 3382
3421 649
5350 1223
7024 5282
8597 7417
8404 1711
7176 2050
5217 2068
9814 7999
1570 8871
4613 3641
5756 9312
8490 6567
1962 8749
9369 175
3557 4605
5254 3143
718 3330
4965 6957
726 4095
5806 3562
5612 9130
1199 2982
7334 7182
6053 1013
1006 5256
4568 666
7234 3115
1864 9410
9585 5548
6505 7585
7081 3142
2825 8111
5068 4151
8246 7790
1352 5795
1277 4052
3387 3316
498 2476
9842 7073
2329 6551
3570 7200
315 3249
2659 804
2704 8532
2469 2245
1739 9209
7320 9550
3702 4564
2354 8741
888 8300
8705 58
3375 2165
994 2092
5517 3873
6777 7188
4388 7846
1095 347
7503 1056
9588 106
2351 207
5768 2057
7960 443
5007 9440
4533 8014
6314 3714
124 5421
3939 5019
3463 3499
3725 4933
2121 8980
3178 502
7201 6509
7565 625
732 4704
1263 3505
5563 9435
9878 3383
9175 9875
7889 4886
4952 3709
5482 4203
9223 5076
4928 9421
4354 9038
8019 8653
5507 2827
5689 7549
8175 9060
3764 9606
3112 5259
4694 1379
1114 5027
4902 4573
5811 289
350 2791
3346 763
2191 5833
5254 8921
7960 7119
5772 9609
8788 2331
9880 7631
6691 4477
4084 8055
3314 6807
4538 3548
8575 4361
8934 5652
5942 9829
2620 4745
1860 6292
2125 2318
1240 4051
7523 3732
3341 9200
1531 9647
7279 8481
2959 7763
5819 322
7130 3395
6943 5485
9846 1668
3673 5518
1699 5132
6229 5967
2259 671
2989 4441
4845 737
4469 4229
9781 2368
2015 4162
8995 7664
5428 5646
5969 1954
5349 7599
9436 9451
7471 2292
4162 9283
767 1144
7111 2213
2884 3349
7790 5723
6460 5874
6455 2635
5003 7281
7795 6237
3901 3371
9017 6790
5097 5681
3280 4986
4437 446
9091 2717
8352 1909
9405 9605
1819 9119
2468 6517
2240 4703
6929 6611
9246 5052
8685 3385
9622 602
3973 6480
9622 9875
5557 2990
4329 4719
1518 5189
7906 8766
7027 6961
6566 6258
1730 6433
9302 8385
9441 550
7161 1542
2946 6370
6107 2760
3362 1631
4463 2081
1957 7335
6677 4085
5157 3866
9055 1006
6125 6675
3636 6962
9572 3152
5937 6554
1292 1302
8205 1591
9485 733
3455 5366
8126 2431
4062 9563
1644 7840
1527 8525
8963 9953
3819 8205
9211 4120
7147 9227
2541 5336
4841 7135
3689 2113
9768 7130
8722 4981
2066 7973
9691 8207
639 1874
1437 4170
2010 1053
9579 9433
5739 3538
1743 8542
9014 5910
5137 7306
2643 6161
3296 7678
6144 7484
4614 6985
8319 5912
3885 9688
7896 6737
8611 3576
7746 4887
5940 6400
2186 6109
9647 1871
413 7925
3835 7742
5048 5779
1940 8973
3003 7691
1527 1588
4926 9147
5059 2494
2182 3245
9982 5296
5225 6430
1317 4946
1346 9323
5432 7258
9129 3532
1457 1431
9173 5895
1674 5293
618 574
4617 9967
1555 3621
2769 6145
4991 6481
6078 4180
9477 7173
9956 6061
7359 1054
377 1273
4883 8705
2238 5810
3593 4013
6260 47
1692 2767
9693 7934
4253 2310
2284 4310
6807 5809
8642 1405
5585 1798
5324 4721
7134 1414
2468 5280
6553 4493
3198 9198
5008 1437
1802 1788
8188 4953
7720 8062
2348 9880
8543 7413
8076 6602
8763 827
2232 4883
6682 7405
2126 4169
1936 2006
7286 9260
3753 756
9954 191
7980 3304
5092 1314
6268 9782
4196 3280
3161 3988
7754 6545
9499 8056
8883 5830
713 8262
5667 7467
7988 3747
5753 4146
3406 9924
681 9391
9583 3512
6816 6987
8302 3915
3698 1908
1541 4570
4910 7894
791 4702
9110 2664
4846 290
4904 7993
1812 1912
5659 6924
1070 6152
6077 7765
7156 4476
7988 3110
97 3091
7007 4804
3065 8399
9321 7057
1303 4606
5660 4232
3248 2095
8737 4770
9115 8095
6359 3642
6918 7279
3431 2018
6135 7988
8816 9508
8970 9644
9087 3157
4313 5420
171 2446
9503 7378
8336 9493
3725 807
9254 348
5118 6973
1420 4343
4337 585
7864 4131
2502 1255
5595 1296
7156 8637
8281 4412
7569 6127
1547 7369
9815 8234
1965 1718
7563 5671
2830 301
650 1288
4614 2084
2779 2120
2706 2386
6518 7117
8372 570
8218 9020
4009 3968
4732 5375
1502 2291
6012 8653
6887 9401
7471 2179
7850 8852
5506 5035
2675 7032
5468 6156
4628 7289
6028 8248
5365 7334
4257 2546
7918 89
409 2475
7850 1927
570 1493
146 5704
1457 2934
1466 3386
2238 8929
316 5668
2701 4096
6604 9343
2985 8169
6417 1233
8567 9013
1559 8134
4576 9176
1652 5829
7756 1337
2831 5854
1559 4679
3965 9329
2715 3016
8297 5431
1100 1306
5402 4965
4309 3801
1970 2007
9592 7294
6307 4740
9226 4511
3688 4218
47 154
1492 5340
1194 4155
5186 675
6356 9105
8474 9152
4583 9072
6730 6771
8089 5683
9484 8484
6843 2398
6044 7807
8899 6435
947 8703
2921 4477
4632 987
6327 9320
9827 2476
9503 3873
9331 1366
518 5859
1283 7805
928 1453
7137 8013
6498 9017
7767 2973
7132 9693
6129 3811
2514 2383
6861 3428
4415 1787
7459 7845
6673 7094
7319 7287
5005 6176
2035 6650
4455 5523
6976 9671
7684 5384
4401 465
9791 534
6580 8521
2332 3275
5659 2709
2489 1199
2986 8872
6717 6904
350 446
4085 3390
5918 7669
4320 9090
965 4305
3976 5127
511 4293
1111 8013
8547 1265
9786 7254
529 5127
4188 8470
9669 2540
1412 6677
9933 2656
9454 4481
4223 283
7953 9891
5333 6493
799 8625
3752 6298
6943 4775
2788 616
8233 8054
5308 7688
9167 4371
2841 2190
4730 3356
6385 8863
7871 2495
3328 6319
6602 7325
3568 3904
397 907
9532 8901
5199 1196
5972 9637
253 8494
6549 8760
6448 8486
2857 8209
399 5616
5324 2050
913 5130
3977 1709
4380 8784
2461 7305
1209 7335
8242 6029
1282 1607
2803 4127
3764 2833
1328 5127
3888 4017
8855 7877
2438 6688
8656 8064
114 2838
4320 332
8394 7380
2516 8297
1954 2774
109 4978
7359 9516
1123 4704
5183 8642
1475 278
5406 8947
9316 2803
7032 5646
8686 8171
6235 9471
8661 7343
7675 2701
81 2981
7630 2421
5196 8950
3928 9584
5452 1657
6361 7639
6281 6575
3206 7896
6843 4109
3264 8612
610 6159
682 297
6120 9296
2991 3269
5971 1133
4114 7019
9440 2404
1354 8096
4032 4636
2646 1634
9274 9485
2412 5359
3256 1907
6016 5618
582 99
2611 9281
5930 1192
6841 3293
2915 8402
9535 9832
6851 5238
7642 1
4449 2644
7280 5349
3335 8481
4318 6278
1638 2609
869 6731
8701 4894
4993 6885
2518 5636
6828 3956
3602 4800
3202 21
6206 6517
1755 9089
5442 3057
2053 5749
7450 9891
4725 5686
1964 786
9747 9043
2126 3602
8496 616
3854 828
6464 9842
3798 6372
1173 9644
6018 7400
269 727
9817 2224
1633 2024
7774 1611
1503 3687
9373 5224
2362 2580
1623 1337
1292 2110
2726 102
930 9788
9630 6580
9305 3746
9742 9781
3533 478
7557 5760
4336 3803
2179 3726
5338 5970
6009 9953
1530 3193
5773 5382
3071 244
2354 7396
7498 4363
4152 1433
4365 4780
4878 134
6267 3670
500 973
3085 6153
9956 8058
8136 7422
9744 2135
8441 3474
6667 5753
1135 6323
6567 2440
6189 558
4922 5274
3059 39
1172 5426
1912 7424
7447 6050
3375 4532
685 4299
8709 6461
235 641
9128 6846
320 9979
5732 3921
6596 3340
5780 3219
3777 3164
4790 8321
8361 5051
6829 7849
1625 9533
1935 8742
3274 9072
9724 5311
8124 311
952 8433
5279 8359
8338 6432
354 1952
5292 4070
3641 3302
6466 7424
5746 3770
8822 7608
5457 459
6344 5651
745 3435
2507 8279
9942 371
682 2231
7017 8066
6425 7986
771 2296
600 4763
5185 7477
779 2244
9669 8826
8949 3598
1206 1767
8578 7771
9774 3016
6451 4922
3201 6872
3595 5310
3894 3144
7562 630
4968 911
9559 3988
8751 5739
3216 160
8756 289
9115 348
3946 4777
2896 8064
2187 1504
4520 1474
6396 8314
1538 7323
2634 5950
5446 5133
5763 6528
3791 3008
6996 732
2823 3350
9862 2100
2389 2392
2740 8619
3396 7856
2273 3038
4542 6293
4119 812
9126 5415
2738 516
2818 664
2150 1724
4604 8264
1272 7913
4997 8395
1746 4621
3073 4173
6565 1608
6579 5462
9670 5657
8695 6328
2621 1943
2756 9589
5004 3092
3608 8234
5251 4095
2171 6426
1042 7401
1666 6776
5171 8667
9640 6664
7189 3269
4878 2713
8175 3754
9411 7809
4137 7845
6141 4458
4047 3110
6203 5249
3483 5404
5851 6163
8942 5086
2487 8022
4798 9984
5003 4154
7170 9970
9591 4643
7356 4359
4465 4469
8631 1883
6081 228
4686 2768
2231 2222
3823 5085
6841 4786
949 3658
8745 2692
715 6243
6228 1232
5386 1865
8187 7583
2227 8908
9619 7779
8600 5935
7819 4084
4312 7231
6352 3900
2474 5350
6788 4935
9721 6297
9955 3629
2674 7022
3266 8700
6285 9741
1606 5846
3429 8023
6932 9794
3925 5656
1592 6551
6988 2525
6109 5763
9663 1300
3003 2461
7396 8489
4786 6143
6124 3469
491 1093
6146 8798
8539 3757
9603 2431
454 6498
2644 3033
5041 3738
6642 6569
5446 2985
5100 3630
1282 1555
368 4763
9604 4285
6780 7764
7585 742
1836 2905
1703 8077
1834 7982
6765 6595
9445 7790
7175 3571
3662 2089
5010 2216
1554 304
3934 456
2012 6654
7770 1568
2206 2380
6497 7374
4469 8986
1891 4082
8511 6305
639 3595
6542 6698
4488 3756
7327 5987
8076 1663
231 989
7645 9438
9894 8137
1144 7931
9500 8258
6991 5266
8992 1706
692 9840
3922 3461
9766 8936
2531 8786
5484 6757
513 5425
1412 6324
4339 4193
1534 5840
5278 922
9060 9180
3463 1524
6135 6556
1822 2963
1021 3126
2966 814
4276 8066
7002 3240
2026 394
7152 5885
1310 3862
186 4017
8210 9074
1266 4525
1800 9745
5277 2896
4420 7212
3768 8740
1704 6907
33 1942
2756 9077
7143 9351
2592 3384
3779 497
6382 970
4833 7283
1300 4044
9470 1371
2249 5863
5608 736
3632 4049
1261 885
5977 4405
1312 1381
3323 7681
3111 7698
7049 6079
5816 254
7104 9641
612 5947
3230 9838
3883 1797
3168 882
3097 9705
442 5417
9466 8705
5942 426
4831 7079
8460 8272
2305 2496
194 1783
4215 5416
2023 7243
6885 31
2330 9127
8965 3849
5646 1912
2794 9200
8906 8814
4232 5892
949 9348
6126 50
3482 3244
1516 958
3454 1942
78 3821
5590 3648
891 4293
676 7613
6740 4128
7977 3006
4918 2057
1258 9975
8790 4064
6308 6516
2216 9374
5776 3610
6854 8342
9300 9258
7553 4722
4895 9106
9106 7631
8276 485
8098 9998
478 8952
8310 1190
3248 4808
4783 9580
9996 858
3726 9925
5651 6305
9915 5942
4284 1428
7038 3121
4195 9937
5395 4591
2222 9090
9576 4502
852 6850
5802 4026
5217 1330
2490 464
6396 4817
2027 7274
3551 6393
9050 5753
1695 9203
631 5317
4790 2331
8620 4021
8613 8985
8075 368
4870 7187
4038 4003
8030 2074
9756 6192
6657 9599
4416 2247
5873 9405
2150 6443
2196 9424
8627 1200
6517 243
8926 5610
9632 7659
6644 3899
4267 8245
5432 1072
1427 9137
7563 9470
2015 9457
9056 7319
9566 5024
4429 9824
6267 5439
4864 6580
7780 4815
1410 3491
9102 650
4661 6689
588 8734
3331 7658
8730 1207
6696 5115
938 6509
2319 4259
1578 2953
7977 7727
7552 1145
2936 2406
5338 171
1339 7800
7644 9471
6473 2749
5790 3098
8184 1134
8792 6378
7585 1515
2982 3874
384 4281
8540 3920
6873 2703
430 6471
7616 4850
3609 4334
4506 6904
1057 5299
4770 5845
4946 8701
8151 1243
8730 737
3467 2687
554 3874
7749 1053
1686 3536
7457 4485
7188 6579
9402 4330
5533 3970
8305 7018
274 5494
793 2811
5008 1331
6384 1916
9511 9954
691 4535
7222 8241
2116 4159
1564 7776
1313 6217
702 9602
2533 5122
5804 4242
8212 1935
5305 7689
3183 6517
5680 5580
6911 329
8597 688
643 3296
4183 8108
2702 7686
8197 1406
5534 1170
7387 6113
2068 3199
8321 4441
8683 4601
2889 4126
1815 6895
9765 4546
126 1351
8032 5445
2486 3390
3038 6629
4737 9481
7167 7221
4979 3791
4961 1717
7830 6866
65 8700
3141 9898
852 4739
5217 1824
5072 3741
8287 3384
4735 1189
2986 4766
4508 9119
5748 5472
4953 7546
1119 6838
629 8473
190 2451
5669 1943
643 4372
4271 2086
6825 3785
1961 1475
1568 8394
1779 3385
4574 6207
973 2866
1986 3913
5737 1833
9379 4086
924 691
5516 6851
5654 7906
9849 2058
6430 1323
3409 492
629 7053
8528 6587
1333 8943
2328 96
6304 3112
2331 3255
3520 3629
5463 669
4755 9257
6300 1194
8045 2032
9938 1816
3874 51
7726 6139
2983 6657
3710 7488
4075 3613
8908 2239
8687 1760
4873 1236
843 4991
8621 3556
4225 4363
3621 436
1630 8980
7364 6273
8090 6028
6079 3654
9793 8316
1325 3806
1294 9129
9094 5036
7275 1721
3481 8002
9238 5962
7306 4706
8262 6434
7149 2279
2715 2487
7820 7122
3396 697
6725 5184
5191 7838
2506 9157
9315 4984
4113 3832
8868 609
8682 3207
1209 2495
4809 8515
3222 6800
9586 2115
746 7836
6676 6735
210 9813
511 848
6032 3606
7796 7236
2745 7575
2560 302
4134 2060
9021 3025
2585 9354
1849 7703
6219 146
3298 6659
5126 5793
9981 2884
5972 2225
2038 6657
7505 6182
6140 2549
6138 9890
7465 3936
4238 8883
944 6377
9403 4725
4079 9965
4021 8340
8486 2281
5292 240
2385 1785
1021 6770
8995 2366
9024 3345
5879 1034
3583 2881
2771 2019
2307 6073
4957 6589
2966 2898
7623 5901
2218 8721
7061 8054
335 6239
2831 5548
3685 1979
8750 5216
3935 1058
4404 7745
5131 2959
5840 6635
8655 5067
1140 4964
1553 962
212 6097
8350 4519
3241 7835
2242 6921
3160 6654
2202 8929
909 5992
7560 2239
9650 9659
3756 1495
806 4054
7041 5240
307 2999
7963 5696
3011 1447
3897 5868
6739 3223
7411 8599
5520 6332
2987 9653
8582 5033
7377 1541
133 5843
1854 4937
2785 9783
189 5611
7203 3591
2942 7230
9279 7510
5309 7257
3125 2290
1865 9206
4158 6217
2549 5628
5281 9678
4711 1888
3430 216
6059 2088
3378 9915
9698 7914
9877 6163
6106 9887
3469 7080
942 9049
2658 2748
1390 6251
1810 5784
8353 3256
5236 5968
1998 902
9143 518
7086 6710
5150 2573
2488 3145
7411 8528
1043 8538
4777 7288
720 3502
2551 8246
995 1662
7914 5209
7345 2385
1993 6076
2044 5698
2953 7230
4100 4042
7104 2096
1021 1186
683 2255
7135 9861
8399 8095
5383 8179
1681 3176
7774 6104
7766 584
2145 8769
1155 2032
8108 5843
1541 9500
6730 6504
547 846
9294 830
8368 7651
6258 315
176 9052
7147 3394
7925 4927
4455 8882
1338 9606
6542 2230
7351 5457
7489 8687
882 4858
4359 1950
8454 8776
9622 7441
8272 5353
9357 8917
5584 2992
2044 5615
5361 2113
7040 5543
4426 3286
9244 7848
6430 5764
1221 5786
826 3781
8640 5063
7013 1708
484 2999
440 5467
7173 6459
1728 5064
4409 6530
8497 7312
9425 6453
1997 3859
7145 6466
666 6423
8539 2742
4880 7096
877 9761
4824 5706
3767 9517
8868 8189
8 603
3414 5661
7077 7181
3711 5142
2455 1486
7940 2209
2420 1880
4698 6289
9064 5917
8659 5364
8812 7603
3716 3540
5598 9690
5559 4892
3081 5717
2673 780
2793 3090
271 6087
1230 9870
1357 335
8896 3685
1917 5649
1938 1316
3585 6616
8332 7354
1309 2245
2137 7145
3187 5026
6270 4087
6157 8746
5878 9352
8794 8830
4917 8671
8542 5417
5752 2499
6184 6251
8252 1000
8668 4454
1070 6542
3896 2254
851 9402
2899 5205
6583 9340
3427 6086
1185 2854
8558 9584
4766 7063
2087 7352
2769 9684
8535 6981
3232 4874
5874 1072
5526 1484
4378 895
3149 6596
2350 8274
9831 352
9692 5250
1336 6415
5621 3119
9056 2521
5937 4179
1531 3822
9858 8024
1357 652
5526 4746
5818 941
8777 1401
2296 1344
4292 3155
1429 1797
2149 6642
8244 1260
4027 8193
7664 5933
4806 6000
179 6720
6895 743
5119 8062
8715 3105
7851 6476
3769 4241
1994 21
7717 2546
5701 642
8791 2009
5004 7130
4743 7292
5485 3248
9181 5122
1123 3150
6222 3988
1083 7654
5717 9469
2575 2555
5383 4432
5025 6778
3152 9153
1699 3372
366 869
2879 7401
883 9158
6450 7883
7483 1978
3453 1936
1438 3017
3357 4576
8582 7660
7130 4440
3347 4299
5083 6057
9187 8731
7884 6461
9833 2339
3209 9583
3336 199
5709 2440
6675 572
8902 2160
448 4158
3527 2355
3283 8238
5898 6884
7677 1866
6165 9380
1789 1024
9755 1249
4062 977
9668 3991
9927 3895
446 2877
1669 3263
187 6156
4668 8344
8855 9090
1445 5116
3354 2382
5619 4729
6595 5604
1337 3296
672 9112
6713 3126
4103 6780
771 775
4670 124
9353 698
314 1469
7625 1023
9367 501
5943 2293
3761 4574
6957 7389
8470 3467
5423 8928
8576 1417
529 6760
9887 9248
6028 7243
4370 342
466 3152
3850 9041
6862 9820
843 516
1018 4487
3132 6562
1137 3313
702 3245
6712 4446
3374 9172
589 8487
5248 1950
7550 7471
4714 5135
1829 9931
3083 9084
4477 8648
8468 3285
3802 7691
8530 5663
8577 1172
4485 1662
1259 6066
512 1540
7064 7971
6459 238
8540 4006
1477 8059
9546 6091
2374 2543
7979 1375
23 5457
8742 8809
6500 4843
506 8896
68 5031
3045 5436
1502 906
2446 4305
8628 8367
8605 9510
3516 1439
9498 3498
5941 4993
7536 9044
420 8315
3772 1868
677 6795
1639 8866
4115 7177
8560 8497
3933 4183
5089 1606
5911 1788
155 3887
3398 4539
5979 5112
8610 6914
8260 5477
4522 4551
2866 2148
4016 1294
4441 2990
8209 4693
8223 6080
930 2324
2859 6783
8389 1215
3003 7949
1836 4300
8840 3158
8271 1586
8501 1171
6648 3233
7785 6761
8909 7522
5168 7003
9994 9278
3971 9610
2042 4555
6879 2194
5330 9324
540 9738
4039 3719
4372 9895
3054 5876
3814 9564
735 7677
910 2315
5428 3735
1258 5047
2051 690
9968 2778
8740 8397
2952 3939
2486 7135
6459 9831
5921 4168
7887 3351
3247 9961
2189 8611
8175 6301
330 6003
4671 5262
8998 7592
8992 99
789 6608
5738 1043
5792 7109
7401 4479
1614 8744
4927 9887
407 4425
7777 848
7161 8294
3258 1024
3677 9350
1706 1433
3048 359
4303 6377
2828 2046
5006 3295
690 9970
7079 744
5223 6482
1578 4480
719 3189
7615 2857
3706 1126
5773 1744
2768 7219
2922 9031
6816 2797
3156 4628
7357 9864
8262 3811
7107 185
155 3268
4013 4149
632 7235
8067 9236
8778 8562
1420 8787
6265 2745
4489 1478
8697 2038
7421 3609
6406 1619
6247 590
454 5914
9725 3604
142 5069
8337 3184
7334 297
3884 2350
7939 4318
2880 1952
739 3069
5814 4300
5778 7004
5395 303
3912 4476
2447 2816
3406 6670
2584 5047
5003 213
5282 8661
8198 5145
5443 9971
2322 5532
9850 9327
7631 6613
9682 2730
3383 8370
1727 5496
2151 9161
9989 7122
6290 6063
2733 2437
7484 6049
6262 1669
6682 8839
3985 7896
7867 4880
412 5780
1459 6541
9506 6614
5697 9091
7461 5540
1036 9080
4593 5540
9014 9539
5602 4583
3372 5305
7706 4687
2708 7208
6047 3968
8216 9391
4271 32
2164 2435
8977 1036
7650 3624
2715 4835
376 3347
8779 6528
2069 7764
7304 3373
7956 1083
2740 9258
3946 1328
4888 446
766 6654
2397 935
7320 8982
1418 6669
4057 9484
3108 6747
1582 1707
1407 5823
2352 1958
6075 186
3559 773
1856 3379
2637 1515
9195 4597
1395 2935
5942 435
1371 2162
7496 8339
1360 5043
4527 5266
2013 5417
7125 7636
9811 9948
8258 8532
5070 8515
9288 4333
7712 8630
6497 1145
2094 6702
9637 2045
2480 3489
2003 5579
3919 203
5246 9500
4766 1631
7049 9774
3762 3132
9432 526
5410 9925
8441 7690
2024 480
9110 4081
1578 6088
2790 1960
4005 3672
3514 8780
4359 2837
3041 1869
1369 4630
6262 4639
765 2488
1972 9663
189 4527
805 1404
5446 5599
6079 9246
3327 7470
9911 1542
3502 4906
4930 9053
7833 3859
6696 4796
6666 8545
9527 6089
7081 4387
3227 2141
1804 7846
2374 1551
2955 1993
7592 9531
5129 8402
2224 3672
1566 4808
6066 8487
7541 5068
5279 997
2145 1726
6623 8327
4417 5163
5903 6151
4644 1498
5696 5482
7034 6449
8442 4422
3953 6341
1095 6035
6059 9082
3891 3320
8159 7625
9045 9957
7306 5700
3779 4324
9003 9452
967 6754
9257 9772
7622 6870
8705 3902
351 3319
7741 5739
8432 8793
1180 1695
777 9528
2848 3591
7568 1020
978 7359
3060 2965
3641 4636
440 3191
9945 2645
2417 1408
4630 9203
3105 40
9711 3335
5426 9808
4953 7452
5499 3859
3387 6134
6077 6277
3649 2587
9946 9998
2963 979
5616 9358
8901 2957
1954 6056
7464 5199
4402 4371
763 8447
1782 3859
19 6826
4279 3561
7420 4972
7458 9778
2407 7159
6098 3536
9886 6057
7036 6044
1755 9201
2158 9004
5061 656
5855 4112
4836 8877
7324 6609
6820 1951
8778 5459
9020 6839
8164 3057
9187 2792
6303 5622
5510 1595
4004 2401
4797 5396
4598 7392
2749 6552
3561 6756
7221 7810
6687 5768
2378 2057
4008 4012
5823 5550
8742 9138
2195 4843
7635 6906
2528 7735
5682 3938
2691 8039
9787 9686
3430 7488
4041 4385
7494 6179
341 3954
9722 4715
3124 7029
7393 8452
4003 3484
2623 3216
4411 9097
6003 1170
8905 8398
8688 4883
9274 4587
625 1379
8867 9062
3447 408
6587 9260
3214 941
2008 3281
310 2937
1389 5132
4969 4055
3623 1744
841 7592
8762 8034
6432 3196
8080 4020
8607 5120
6499 7354
2768 9233
9641 1718
979 6216
3509 2580
5861 545
3482 5518
7002 2523
6578 1224
9320 8323
5915 6553
4587 162
9710 1030
5050 1019
2491 4142
7849 9
5594 8990
709 617
6833 5235
4168 8040
8585 6695
8565 6381
8905 8420
5996 1919
243 1835
8389 5316
1830 2510
3540 2976
348 1541
5683 4942
4952 2839
8182 3532
4150 546
2134 5243
3283 7335
4030 2654
9035 8220
2992 8947
867 7940
6128 8988
4305 1110
9972 4517
3845 6135
4028 3513
4807 545
3385 9712
9596 6111
3010 1567
6810 98
7434 1496
4150 6445
1017 7816
3116 3185
7478 4010
2998 3983
1445 3606
4475 3655
6143 1417
1282 8320
5218 171
6235 2442
8553 8603
6522 5832
2282 1563
3059 9684
2481 6068
237 3561
6747 3498
7508 3353
7336 4225
7831 6859
6866 5133
6550 8658
6978 3009
9533 4185
6627 8548
7151 2120
4304 5180
3096 25
9709 6587
2655 2507
6069 2190
2041 2892
6245 2816
3393 9549
2760 9933
5066 1224
9882 5979
5340 7969
2154 3212
8113 4873
3346 5133
313 5264
1642 7650
4237 9761
2269 1351
9894 3245
2489 4690
3858 1935
7836 5087
5020 7251
4827 6949
2928 6439
760 1061
625 4620
5846 9266
4399 8738
355 9192
6842 4712
826 1997
9700 7432
677 9447
4137 5946
7881 9518
4605 4347
1598 2070
9019 5978
8769 2777
3838 8299
2919 9529
8795 815
5906 8765
7957 3194
4258 6261
4610 1152
8584 1436
883 4310
257 5613
5131 1372
5719 4490
6560 6089
2067 3669
6446 1931
230 836
365 6636
7452 9502
8267 5512
5058 3358
5971 2577
3729 9316
753 581
1243 8665
630 7988
9361 1500
5991 5761
1850 1432
5102 8903
835 269
1105 7900
4537 7417
6919 1470
3334 8341
8051 1539
468 8392
4061 4022
955 4197
9214 1166
9154 2198
51 9844
1957 4867
6300 2394
1297 160
429 1402
9302 8484
5902 1535
9357 191
8532 9173
712 2692
7436 2935
3309 1180
1729 1497
2663 4264
6463 7295
7139 1818
6685 2866
5260 5449
5609 9337
7091 6557
5042 6038
3925 2746
2937 7296
6469 9635
2327 7822
757 3534
1066 6115
7613 4067
4683 2796
91 276
2094 7498
364 3583
5384 5132
4469 5624
8534 993
3383 1561
4307 3576
7224 3661
3296 3596
1418 45
3579 1975
8090 8528
8947 4646
3794 5703
5980 3630
1129 237
3820 4426
5910 7845
3470 9204
6549 6732
8293 2004
1932 6285
9946 8952
8900 5508
5553 9594
1569 319
5199 9133
3779 6011
1715 4146
4128 3925
4162 4047
4825 1609
9455 4335
9891 736
7468 2925
1281 6441
9078 2113
7417 9565
5073 9024
8618 6317
2988 626
6111 6539
2550 8187
8685 6242
167 617
4664 9166
775 4330
8665 5842
6578 230
9507 8556
1349 398
2511 7140
6705 427
5803 6280
2597 8130
5109 773
7312 5586
125 1220
7463 9863
6832 5163
4329 7630
8312 1497
7339 5104
1687 6977
1886 269
7019 1194
4687 9587
15 9530
2162 1392
5875 2170
2944 4759
6697 984
2204 6608
2823 3175
8338 9667
3650 9656
1153 2667
7771 1962
8940 4844
1465 5810
7005 7178
6765 8484
4366 1692
9436 3132
1655 6528
7639 5311
6295 4599
1207 4337
7512 4852
871 383
39 5850
4869 4521
6484 7544
2388 8992
4803 1776
5306 205
5041 1808
9852 2071
1556 9407
2287 5640
7304 3211
4162 9926
615 9951
4803 1721
2104 8127
329 5675
196 2143
9687 1550
543 3032
4808 8427
8632 5346
3506 114
8538 25
9432 9710
5350 6446
9657 1719
7998 9006
8958 171
1892 8613
3093 3761
5788 3997
6140 9774
1325 2337
5369 2180
607 1868
3566 6530
2996 5592
5617 7072
3134 7886
4332 1402
9473 8484
3843 341
512 7471
6085 2801
2914 2405
6402 5530
5304 8703
1040 8894
1074 6629
4849 2761
9291 8034
3626 8415
1839 2288
174 5595
6997 4973
9810 859
1200 2823
294 3653
6454 1713
4118 2731
8261 9368
4423 6872
5766 3566
6547 1815
4577 3193
1227 1397
6164 3868
2508 1205
3152 8004
2977 9035
9894 6502
9325 9139
2792 1094
9159 9619
8703 5598
4967 3277
6501 3316
3234 5742
7558 2268
1813 9782
7531 2135
2355 3040
597 3695
8051 4864
251 3749
251 7381
6520 145
7591 5928
1900 9313
4911 6751
6380 603
3919 6230
8325 2882
1502 7154
3288 5883
8018 3315
2707 7171
7218 6725
1589 3304
3405 5270
2651 8192
4689 9
5937 5523
1188 2281
5384 7837
4792 2452
5034 8116
7350 5064
8570 3359
9242 8852
8519 1858
5381 3612
338 1226
882 2599
7869 8279
6472 4288
649 6872
8748 1161
9794 6586
776 9936
2388 1530
9647 1920
3336 7423
782 3349
8554 1906
116 6377
9989 7073
4652 5497
8097 327
4959 5534
6174 2318
9191 1431
8944 6823
9762 7939
7875 5091
6621 538
8810 6616
391 2620
5970 2147
4053 1173
7550 4524
7949 522
6019 3892
571 2601
8136 4116
2787 5530
3313 4310
7486 1978
6269 8610
3701 7248
4138 496
7112 322
9295 9300
1447 7503
5029 1617
2493 1853
2375 8931
2823 442
9396 4746
5215 3395
5277 7532
8194 8002
9980 8591
7201 2032
9280 2601
3097 902
7576 9770
9071 6562
417 3223
1192 518
8723 1798
730 3685
480 7450
2197 9905
9652 9876
3760 7412
5414 4930
3521 1954
339 1746
4347 7074
4328 9619
5742 3796
6710 1904
1480 4813
1683 7128
5278 2672
6358 407
7857 6008
2266 3190
3066 54
3818 1918
6848 6826
5132 9232
7330 6721
3795 5471
1443 1677
1826 4475
2732 7185
8350 8536
2016 4212
6884 33
6792 7295
9655 9594
2784 1002
7408 8273
192 2202
5380 1227
6811 3392
6466 6865
8688 4142
2171 6613
1089 131
3668 349
8886 3821
8033 8370
4756 7254
901 1269
864 1548
8902 557
5182 0
8555 6311
3890 5374
5119 3935
800 701
1195 1585
8198 5841
2324 9719
68 9287
3108 5993
715 5306
2561 7493
8763 5471
3372 3462
371 5979
2331 2274
8585 5554
7280 886
1174 2475
9529 2399
336 8326
4167 7076
6795 8535
4174 6492
8837 6864
8522 7283
4776 9552
1376 1083
898 9891
5870 4748
7022 7621
9527 4554
5440 1960
787 3160
1911 2966
7645 316
3745 2248
783 1812
4656 540
7404 4957
8592 9845
5750 5927
3362 9721
9612 7126
8226 612
4586 1835
6389 5248
3560 4113
7273 8181
7500 4348
1016 9185
1433 5145
3309 4761
1654 8568
9877 4318
4163 5410
7689 4822
4543 9913
3391 1052
8016 507
2342 1617
3218 2602
3068 5083
9617 6778
7478 341
5878 7117
2262 4847
5960 3663
8583 1923
6241 7614
3025 8461
3283 405
6670 714
8118 4178
4685 6414
8031 6135
5089 3380
4815 7601
732 8157
4851 4432
1549 8210
9409 729
745 163
2087 5370
2984 9328
4141 8328
5085 2361
3076 7424
7954 8108
4522 7546
33 8992
8724 2553
6507 5123
3280 3539
4324 7239
1801 8131
5213 2225
2389 1211
2933 5958
5286 828
5508 2269
4631 9428
3204 6946
5054 4059
1605 7511
6503 9576
8481 1639
3114 5227
8766 4988
8579 6394
878 9442
1668 381
7944 6091
2049 409
1237 877
3146 3687
9467 3097
43 7777
8188 2672
183 5097
1025 6146
7785 6686
8265 9507
847 7251
3645 3383
2826 9427
9808 4523
6966 4494
4903 7752
4981 5367
9055 2492
5589 8127
2257 8522
7546 1985
7082 6797
2943 7729
767 4460
319 7080
4331 9032
8768 1166
6945 7977
8852 1594
6088 6753
857 2171
7538 7343
9835 2190
318 2945
1468 1776
3761 8927
5724 9014
3096 7196
1656 8668
2100 215
5600 1975
9493 6432
761 4368
5962 6439
9544 5965
8136 8402
5745 6754
8944 2027
4972 1932
60 5614
4541 6440
1807 3822
1018 6618
1638 1255
1470 9026
7353 3738
170 7070
1438 6846
9637 7283
3249 3752
2154 9182
2288 1385
3412 4251
2535 1232
6847 8385
1177 2596
6418 7740
4358 9336
591 3788
9166 5996
6087 2062
9132 6519
9717 2609
9893 571
4323 5707
1241 3142
879 2830
7081 3529
4761 4292
9029 5969
8565 7960
5701 6558
5895 1335
1475 6411
8760 6486
8548 641
3512 4847
7456 7681
4604 9581
5288 7349
491 5279
4461 6529
6410 1371
2015 7895
3864 1172
5484 7396
3954 2429
3764 1185
3949 9849
6336 1591
2232 2709
7556 1236
5269 2096
1677 1364
8714 6225
7857 3318
6199 5557
3280 2318
213 2610
134 1647
9043 4077
2858 5618
3156 9350
5551 2974
4565 7105
6166 1887
9476 6797
8893 74
1438 4745
7323 6923
241 6504
8414 5180
7498 6440
5402 8046
9694 4064
8141 5536
7507 5089
4439 1000
3974 7015
472 9991
8230 8540
1689 6638
6712 4058
5156 6935
3858 4502
1007 2479
4011 451
6891 5773
3819 7861
1925 2294
4182 9865
4955 67
7419 8041
5056 5746
2089 7745
2637 5528
2166 6672
7082 4327
7614 5230
9733 2238
1069 1472
1923 740
6513 5080
9294 5166
3812 6684
6550 1219
1286 4347
2388 7857
9955 5057
2803 7445
2973 8397
1421 5440
6119 1492
6722 8503
7094 85
7909 6455
3547 4515
5948 6184
1351 6412
3097 5242
6461 1515
5862 9647
3856 7748
9157 8251
5696 3811
8560 1960
3753 5021
6513 9981
8485 6224
6310 3236
6043 1931
6446 571
6756 9591
6003 2394
7636 8107
5974 9100
5099 4098
8198 1837
6440 5307
5471 7355
5668 8488
3509 4031
4013 5773
1997 6375
5963 8850
781 4659
5231 2006
1597 7227
9622 1987
6446 3953
9405 3610
7708 8772
609 857
6164 5906
9614 3401
1889 1635
5667 5282
1055 1751
8126 9680
4882 9404
416 441
2447 5663
9242 5647
3986 397
702 5216
8827 6784
5556 107
964 6535
8794 2518
5919 7129
5116 4760
6394 4161
5912 783
6815 7449
3205 390
831 1697
3712 3621
5620 9630
6379 2955
8171 5958
2742 7081
7189 6998
9886 8299
7169 8153
1634 5032
9792 3088
7249 6751
3886 6186
9987 9513
9903 702
8751 9544
9518 7086
6717 2464
1771 5138
1097 3096
6530 9942
3293 3839
8490 3719
8224 9531
4563 5659
5100 9859
6610 707
3245 8701
8215 496
7550 3232
9128 4470
7909 6302
5118 8646
3785 4626
4074 6889
6831 1234
1425 604
675 6476
6007 9916
1927 8900
8759 6922
7629 3379
2081 1721
8569 874
458 6648
1118 6120
8774 9587
8233 9027
5 3892
781 8370
9604 432
7388 3964
6793 1030
7298 8064
3316 2800
9723 9225
8957 8427
148 3704
931 1038
7686 5069
1189 1389
976 5156
4184 6315
207 5562
3932 541
973 7340
7657 3537
919 4714
9130 4450
7250 8217
3794 2446
873 3325
3382 2751
141 7373
2442 4313
5702 7827
2984 9984
6299 3031
8593 3520
413 6507
199 8877
2414 7739
2453 7856
2306 9685
7902 7935
381 5909
5586 8049
800 7606
4979 8968
3281 942
5121 3773
3757 5336
8367 8105
7977 57
2916 3312
2189 8391
6130 3115
7324 956
641 4935
2870 9630
1891 8544
6593 9603
7209 7478
6446 3745
4687 8540
2313 6080
1416 6161
618 6071
2480 9783
3095 8596
3339 5396
4863 5284
6240 5821
756 2187
8170 3234
1778 3626
3229 61
3891 4723
8468 6790
5330 338
2770 9508
2021 7643
66 4186
321 2639
1235 2546
7942 9768
1404 926
6747 9158
1345 3997
7231 7503
7481 5867
2281 5361
84 7062
3852 6172
2862 4904
764 5534
3178 5632
6170 2785
5425 9596
2143 6491
6259 3012
291 85
5595 7664
1661 7038
894 6941
2808 5244
605 4727
1790 1441
7614 689
1945 1994
7529 476
2461 2710
1847 7059
6655 8631
1475 3624
6637 5150
1588 7734
1750 3280
318 7183
4124 9763
5007 7564
2292 3285
4726 5612
2653 434
2428 8692
5521 951
13 6309
9720 7982
2965 1860
5485 2728
7878 4440
8527 8474
1754 9466
3002 277
6393 8424
5989 7126
6763 7752
9717 8281
8715 7842
2886 2370
9673 7495
157 8407
2741 9686
1547 9877
8957 5707
6499 3384
8210 3188
2654 5026
1656 6316
4740 2008
9135 4401
2153 729
5362 2250
6444 1870
593 429
7925 9331
4090 266
6305 4434
4311 6832
8891 7852
7588 9621
2809 5390
6769 5798
2114 1815
3824 4777
9178 3206
288 9311
7913 1331
9554 5650
6080 4358
41 6499
6765 357
4791 483
3667 9422
7274 5454
5075 2558
4301 1214
7012 4236
6052 1070
2199 5478
8685 6228
5539 1377
9060 8973
975 3452
4162 8614
5113 3407
3764 555
1039 8231
7653 4907
362 4706
3617 1280
2494 1789
6026 7918
5340 5859
7689 8430
4658 7539
5268 6374
1699 197
1 4328
2943 2675
6082 516
1071 4408
8991 6199
1106 8462
9521 6645
4277 7820
9610 9490
3760 6771
8982 1988
418 5452
9343 6672
9398 5076
1625 4611
8939 1098
125 7978
8494 8234
2643 2559
5110 5918
732 1634
4631 6217
4037 6605
6095 8908
2032 9999
1987 6207
1659 1014
4038 2405
3833 1002
1965 3437
4535 5458
9789 905
5491 1012
9923 8283
553 4486
2473 5034
7603 7638
4243 3456
2365 1640
7992 6691
2898 749
8115 9979
2385 910
8264 2154
5591 6218
8029 230
7487 6478
7490 7818
2453 2978
3817 3765
8799 9359
6997 6290
9746 6402
4395 7592
4283 8463
9212 2387
8718 3534
796 7328
5834 1103
3674 9060
9290 1425
7903 1703
5873 6777
6108 1745
5510 4678
4037 9925
2567 662
3416 1034
4979 2313
7129 4163
2902 9262
9148 2693
6373 1621
2724 9944
9005 2207
3632 2750
805 4647
1425 7887
9632 6678
1357 3885
3810 5143
2157 1746
9133 2729
1394 5573
9737 4112
9726 8523
1217 2639
4260 8875
5171 7590
9798 3337
2439 528
5176 9782
7670 3245
6275 2953
6838 3654
5149 3984
5731 7000
9729 7306
2880 4864
8976 1123
9647 8969
7960 5054
3929 7216
1158 8573
8262 5453
5981 7308
7091 701
3946 1157
4110 1113
4767 222
4206 948
4300 9917
7223 6289
1153 4029
1505 6455
1776 6481
1536 1152
4720 9737
8310 1817
7270 5878
3187 6572
7273 3252
761 6630
4095 7572
7794 4872
2172 8862
5131 8352
994 6473
6854 2355
5162 8499
4981 8359
5863 6939
6676 2869
1038 583
2814 1338
7910 4661
4265 2353
5335 1535
9107 5026
6250 9430
8292 3253
7958 4775
7600 3424
2131 8952
7451 4454
2814 7293
584 8784
8005 5029
1965 3612
4950 9044
57 4779
7132 9212
748 4322
9348 8819
8249 6207
5813 5599
374 2893
6317 3771
9075 7974
8780 4800
8446 2878
8015 7946
2976 9030
2643 6020
1416 4941
6072 3945
3158 1473
5795 9556
8375 3906
6465 1496
3447 6624
9517 2278
2401 173
4499 2187
3339 7828
707 3279
7578 1785
7168 5074
1094 554
1847 6163
108 8863
6688 4271
3827 9618
9876 8836
332 2202
5178 6342
4972 131
304 1047
9586 3726
1554 4803
4434 9278
7415 8613
3687 2012
8918 4583
7098 1134
9997 765
5036 3559
3177 3037
1873 5215
7417 3054
5748 8557
8688 8947
6347 720
4446 5344
147 5933
1563 2353
966 4582
2946 8979
9914 4654
5788 1865
2630 7013
6924 2137
5174 4019
9234 101
9507 3400
8309 3004
8303 5255
2328 6998
8694 4650
6936 3126
5479 8842
9776 8499
7478 6446
1100 2722
4587 7393
758 3240
1729 3570
3941 7682
4135 6903
6655 3175
2531 3643
5250 4965
8315 835
1837 7578
705 7009
2203 8773
3625 6184
8982 8331
1054 1103
4848 82
9674 1993
1915 1958
9640 1403
4659 2208
5384 128
3771 7666
8983 4267
5102 5373
9304 7298
660 6940
2065 9
2545 9215
7547 5690
3146 1528
7962 4953
3298 7994
6305 3989
5392 1566
3774 2297
2425 6403
4070 5510
9778 2548
7922 3053
6704 1232
4524 7226
3587 3716
2931 6590
8632 6132
4012 6830
1783 1778
6125 8327
2316 5082
3000 2430
4727 4060
464 6774
2285 3505
6053 886
3939 8415
9647 3975
7553 643
4359 524
7114 1140
3625 3643
473 2098
3877 3989
8668 2257
3691 6354
5136 984
1397 6691
9817 6215
9720 8213
9099 2102
517 5774
6101 9390
34 6517
7041 7
1147 745
4388 507
2605 1124
5114 4862
3471 2834
5540 3782
1119 3514
6557 676
3244 8868
7081 6374
4829 9316
5090 2532
1922 1698
4567 7544
7551 8308
9054 1608
8467 5050
2527 9794
1008 1073
259 7641
7775 831
4345 2152
9180 5246
4114 7254
9981 2424
1741 7547
6431 1162
2860 3183
7079 8354
3014 3780
5388 982
2385 2068
8215 3856
1281 4912
8905 9223
55 7892
44 6680
8279 752
4359 5577
8001 8745
2645 4340
5502 6094
9278 9076
3782 4714
8494 2709
3692 6797
5217 235
443 6077
7341 3432
9008 8076
2320 6246
9278 9063
6167 8717
4294 7557
2655 526
4866 8647
4742 5300
728 6720
7787 372
3081 863
7660 2633
9220 3125
5554 9229
9014 9663
4091 2895
9141 8022
7085 6412
5129 4772
2329 9604
131 9423
4422 1336
6636 4997
8070 9164
5888 3717
4580 2209
4842 8970
8447 8592
7821 4063
78 4002
3249 3187
1209 4170
582 8743
3515 4646
4251 2063
7838 2196
3533 4382
5731 2260
1425 6521
238 153
2362 7313
2635 1170
9762 7205
7620 7435
1437 3936
7123 7698
1868 1038
9781 4685
9331 8802
865 9648
1845 9934
668 8703
7316 1730
8251 6400
2905 8741
2406 4842
6012 5268
8825 1394
8829 5775
6063 6445
4143 6618
7656 9538
4223 2364
1166 3790
3438 9907
9841 8384
7087 5283
7013 510
3262 4403
9496 1617
6459 6167
1435 8255
6001 2471
4598 6612
3057 4830
7800 7013
6552 3553
5917 5456
5598 7127
7034 7083
5467 9037
672 3228
3738 8907
9662 4038
5655 3352
9519 5511
3766 2114
937 7307
3919 9767
949 1888
5253 6977
530 8749
557 8157
5285 2799
6234 6156
1545 8671
1899 1702
6961 2217
6255 1989
5341 6623
8486 1910
376 4861
8520 2252
8371 7666
5906 2439
5768 9320
4421 7511
5669 2650
5449 4979
7487 954
9625 1684
9738 9032
1249 7877
9866 6699
9674 3857
2119 5208
6421 8161
6765 2496
6514 4941
7380 5137
809 8772
6283 3149
2151 1583
6562 8304
5610 7601
9285 4049
9433 5236
9465 5375
8426 682
4539 9331
4539 8100
2613 6659
5507 960
5901 9379
868 8373
3497 9634
9135 8029
9612 6132
4437 1286
8887 2526
2927 47
1635 4524
6251 2360
9395 1100
432 4677
2778 3934
6945 1323
2284 1743
7474 8804
7177 4537
4171 8342
2724 674
3159 9658
945 8688
1215 7596
7643 6184
7061 494
2855 9279
6731 3312
7990 2250
2536 7163
8487 7120
8863 5834
4638 7123
1660 6338
1032 8168
5194 2184
8194 3756
8797 8353
5949 9139
1676 12
6858 9945
9224 8737
8401 9713
8315 2307
9471 6391
3511 7204
3038 4310
1433 8727
5065 7676
2196 9445
7981 2449
6206 7391
5744 6176
1667 5003
1367 8046
7991 9695
4784 8225
4291 3567
5874 3186
5929 8958
6162 1697
6007 5793
4520 9200
3229 3792
3238 5937
8386 5425
9168 7571
99 4592
5947 4913
2959 1767
7814 3666
8244 7302
869 2599
5785 8887
7845 3095
4793 1714
7507 4008
9560 800
4593 8379
4316 2789
4567 4183
1754 2703
3647 3735
5000 1854
9973 5947
5965 4311
1613 7787
386 561
9448 8834
1930 2523
590 7294
7654 3075
3875 4449
2829 7214
6356 4820
5355 7145
6200 923
1010 3462
5316 9848
2147 6011
322 1641
5780 8112
8674 1936
7122 2519
5042 4474
8120 5404
8479 5632
82 5774
9341 8707
3527 9263
2760 5697
2972 5235
8697 8961
5161 3982
9993 365
2006 7308
1772 6668
4956 4138
6657 6798
1273 2078
7483 8052
3684 9393
1520 5962
4669 118
5733 861
2910 4549
6136 8494
7455 5882
9864 4833
5198 8968
6276 6210
9230 3556
7694 4400
1199 4186
6264 4352
2404 8824
4569 3747
6062 2440
8911 2441
3302 7083
7984 4644
3138 6212
8446 4120
8953 6945
5913 4663
873 4151
4059 8541
2942 6455
641 1754
2458 493
5669 6905
7005 4862
3654 238
2680 9419
6502 2565
3562 2334
4899 4487
8607 3052
9998 3345
8008 3913
4416 5911
4453 5233
1688 8476
230 3747
4240 2329
5587 9040
254 9909
6499 8944
8363 3908
2826 5531
4218 1217
5704 6388
9440 9117
8814 664
4577 5790
1702 6823
8408 5345
3821 2507
2606 6449
5130 403
9443 3198
9459 717
6013 9697
3606 5958
7842 4376
1946 2784
5524 2060
7529 7650
4666 1316
7107 6343
9518 5595
941 5161
4020 7927
4376 4762
5166 6626
6176 9506
6576 4609
659 5635
7945 2589
3318 617
3401 5787
4199 5264
9266 5277
6593 1728
4424 3933
9528 52
5213 3942
8221 6821
1584 5585
8563 2597
8456 3102
4063 4739
374 5032
3973 4722
5339 8320
459 3643
8907 5092
369 4659
2739 8174
8459 3315
3367 7163
7458 4339
1161 4933
518 5679
4629 9097
2199 9082
3821 3085
4469 6262
7337 548
8868 4794
8438 9028
473 5679
338 3697
1871 842
509 9430
2945 6682
7374 229
5162 403
2435 8535
3984 2032
1114 7064
6501 6183
8797 1288
8188 7322
2116 2486
1515 3408
9087 6906
604 1988
9182 5778
5208 8827
5510 6044
6273 4505
1261 9236
7771 1435
3467 3696
7112 1755
4290 934
8574 9965
3639 9439
1926 6762
170 2107
9014 3441
1781 5609
1387 5970
4797 7315
3359 2947
7453 6659
5895 9632
7419 5066
5114 18
8125 887
8173 8578
8543 2415
8207 3099
9861 8534
641 133
9926 6383
1992 6007
1977 8059
5374 9732
2679 3127
9786 8734
4718 6484
1550 2034
2052 2138
9377 6664
5242 178
8945 3902
7001 137
8671 3504
3637 3214
9597 5665
8024 9915
7974 7941
7673 2
9481 9701
8435 6705
3189 9267
7653 9505
1643 1092
4108 9706
6236 7372
1274 9351
5840 1533
5038 8275
1489 4512
6529 5027
4943 7438
1732 4553
907 9269
8970 5757
2462 388
9656 3757
3263 2004
9448 3661
3367 1258
8631 3556
2907 5955
3841 6257
4533 8748
9612 8879
258 2374
9813 2493
7046 1553
823 1545
7302 7954
8342 6145
9903 6117
4473 4350
8012 9518
7128 3921
7477 7731
39 2111
8369 6737
1837 3880
9111 2902
1628 7801
294 9369
7275 7793
9338 3692
1646 4450
595 2993
5462 6341
7043 6850
2720 9935
3856 1407
5491 9849
1960 7685
4422 5530
5762 329
9583 2611
412 4873
594 1212
9005 706
4399 7869
8671 4696
4041 2397
5090 9267
2469 9503
5790 8486
9893 5190
5039 5998
3683 5384
7266 3351
33 4458
7069 3028
4253 9616
7180 7482
4540 4848
9069 2538
3586 5291
4041 7741
3360 7627
3482 9131
7617 5829
7371 5624
1622 3863
5599 8762
2114 1657
6115 2866
2246 2147
8115 9537
3371 6500
7700 5296
4186 4263
9555 6769
862 7772
1751 3596
9079 4222
6404 1585
7209 6697
560 127
8890 8831
6840 6159
5377 7356
9503 9308
8845 7624
476 3970
5618 8568
2831 8176
1297 9804
3928 2386
2334 2160
2734 2031
3616 1414
4463 5490
5618 7177
6008 5023
7534 4508
1864 9201
8509 2912
6888 7719
8041 7354
5922 3716
1892 3660
9816 5105
7492 9541
1701 3745
5776 6178
3944 788
6278 5745
2922 8407
9782 1896
2756 5283
4484 7317
6581 972
8691 2993
6699 9821
3537 3085
6745 8973
4078 1781
1322 6561
6658 7922
453 9376
164 8787
4532 4397
2805 2794
4691 3806
9089 8939
6256 7447
8420 9925
2918 9189
9010 3463
6548 5969
1294 8899
680 9645
6207 1725
9647 2003
7731 9217
8004 6452
850 7895
689 8888
2695 7
8946 1732
5532 1784
1710 1555
744 304
3767 980
3302 6107
5006 6668
6313 4596
6321 5687
4042 8872
8090 2321
8773 1773
6020 2446
1335 5975
5982 6709
4794 4030
5814 4929
2836 326
630 3876
1209 3580
9687 749
7417 4511
9107 1046
6733 83
5307 1781
4102 7127
8900 9749
2196 9227
5203 4920
7981 3531
3913 1185
2466 2775
9453 6079
9956 5302
5235 83
833 1165
2028 1274
2320 4602
1037 7487
9268 9053
6180 6345
6094 9722
8950 1432
2704 4642
4525 4153
1690 7038
6165 8438
4518 4157
5811 5619
2054 826
8343 1046
8673 9239
3842 371
7858 993
47 1231
3928 3479
3201 2579
364 23
1017 8503
2656 3068
106 5543
3981 699
1208 6272
8243 4851
5677 7019
4418 297
9537 4020
4391 3091
4084 9731
7314 8602
2081 483
9415 1243
7618 1634
138 9779
9199 8635
4178 2794
9845 5658
1930 4512
9363 1053
4425 6525
6822 5041
5413 8843
8286 2711
2442 6157
4759 8722
5558 9757
1000 6840
4826 1325
7456 8618
3605 4964
7759 6655
2313 4136
8648 7604
5010 595
7120 4363
5756 9435
8278 295
3006 1170
7327 2916
7990 1801
7910 2086
5278 3548
1225 5262
232 104
5069 8681
5337 3837
7973 9180
3136 4002
950 2973
7337 8146
3933 4422
4717 3093
4263 8563
1479 4076
2229 7942
6380 5822
9370 139
5401 8010
4467 6948
5629 5633
5822 5888
1420 966
1321 148
3121 908
5407 8623
3045 458
9904 9340
7904 4115
8191 519
8462 9383
1557 420
6911 1194
9205 928
7876 8664
649 24
5912 9857
7176 6471
6619 7332
8240 8497
7120 6093
6551 3647
2988 6517
632 2807
3327 7244
2979 5175
1947 8141
9335 4537
1817 8858
3874 4892
4916 6045
5902 4523
995 828
4512 3078
7927 3966
59 2753
2752 1399
7917 2963
5770 2092
9336 4901
77 9097
7238 8668
3205 8376
3587 2926
7818 5022
1067 7461
1985 2735
3563 6969
6400 9332
3298 8076
7181 4327
2079 9710
9025 6285
8378 9996
4897 4795
245 4066
2734 1326
9703 3835
6761 2291
7313 9642
7103 4580
3667 4732
8054 9088
4772 3582
8010 4454
5133 4423
4133 5191
7829 7212
3560 9510
4305 2559
2977 8458
6136 902
4738 5712
8003 2191
1833 1499
2431 1669
6401 5289
729 2450
6033 4455
5261 5502
9925 4043
5587 395
7607 410
9920 3416
5975 1168
5978 577
1480 8952
1016 8466
658 6218
4069 5372
3393 8843
4132 2853
5303 9794
602 4862
6716 1336
1732 5863
2610 2993
3403 7319
735 6570
4090 9675
252 3062
8366 6420
4886 8084
4302 5735
1107 1896
7092 4724
7577 852
646 1224
2438 9232
6921 7600
9816 5506
8499 8653
5972 2426
8996 8254
7929 3059
2473 9438
5858 4534
2618 839
6574 745
8993 3273
4349 4033
4885 6085
3662 1926
7510 1884
9484 6100
7959 4431
3084 5652
8079 6458
4713 5408
8467 3427
2866 8994
9880 940
8132 8724
5821 2499
2124 1058
5092 4815
900 6473
4751 6329
4565 4562
7015 2261
6693 402
6054 4974
7784 6129
1538 4133
3913 8849
7844 5
7298 6779
1855 7724
6575 1782
2840 7677
2492 5051
7876 4284
614 9744
659 2627
1241 1531
1933 4026
5352 7934
4063 7988
8473 3136
1986 1953
1959 2386
9165 6182
258 5609
7391 7373
5050 6834
8237 6583
868 3894
9990 6114
8741 7834
9365 649
1027 9982
4268 1299
5639 6379
5868 4684
6637 4112
6499 7854
388 4948
6909 2016
9389 646
3832 652
7236 791
4685 2070
4536 4456
2290 1028
8029 3277
9612 8007
5658 9057
5436 232
1268 1297
5410 1304
5510 7906
9206 8261
277 5898
2897 6116
6768 6019
6810 6729
8799 4004
8460 7848
8876 9687
2965 7102
1462 3257
2314 8929
5513 7120
8418 4103
1759 6782
1040 180
8441 3622
9520 246
6362 5070
1089 2417
5499 9483
3487 4252
8452 650
338 8300
1754 3680
6937 9655
4936 3216
337 9252
9707 449
7231 5107
5287 1466
5088 4623
4870 80
5150 961
9730 1232
715 6240
6844 5229
5880 555
5207 5296
8976 6218
2225 6961
6530 2265
1517 7161
7610 6867
8326 1224
9043 1194
5817 3613
3693 4131
1444 7039
8272 8843
1435 1175
6404 5339
2246 4631
9927 8636
1206 7453
767 5255
7521 3431
6944 7297
516 5390
2967 4555
2101 8842
8807 2010
2493 4270
1310 2500
7695 3938
5113 5934
7625 5483
114 7869
2858 9872
3677 6394
8001 4064
3848 796
4445 5522
7265 792
1699 4961
155 232
8594 152
4423 8962
1462 1087
1377 2085
8019 5510
993 2842
712 1996
1868 7459
3853 9922
338 1898
2694 1855
3729 4186
1331 7140
8453 994
1226 3030
3183 8609
3923 6172
7260 3958
2395 5386
7248 8637
1480 414
2410 4593
2052 8544
4818 631
8881 5906
4113 5156
9343 1575
5067 4194
5189 674
56 9873
4834 2767
8940 9591
9901 8757
495 2552
1189 2296
9062 7743
2336 9021
3917 7825
8456 4389
6647 8735
3892 7337
5264 7112
1306 9587
6613 6684
6557 2847
5615 3021
8965 7743
6500 4555
3459 8866
1163 6996
1091 4648
22 6577
4402 3428
4169 291
5379 2858
6547 7168
632 9271
5210 8164
4848 1938
4786 8175
1196 7757
5500 6753
7660 161
5380 2000
5348 1119
2119 2895
9472 6440
6220 2141
8785 3875
3085 6741
261 4164
9787 9633
7797 893
9183 4997
9524 8997
6754 321
7074 720
7234 8606
6958 4734
2205 8966
1861 2307
5099 4325
2818 1333
1560 7671
4412 1603
5767 4646
631 4673
1918 5554
6903 4780
3777 1101
1423 6427
3500 6883
5489 4849
5936 7086
2404 2447
1106 8141
8818 4265
1950 6205
3876 7989
9592 9863
4509 4640
5665 1712
3618 1492
6272 7583
5037 6874
9653 6401
3284 2812
7661 9505
2943 5125
3924 9949
4443 5347
9612 5031
7588 3261
7602 7915
7778 7817
2457 7195
5259 8639
131 8123
2058 5229
2103 2755
5508 7095
9907 1757
7614 5144
269 3921
222 558
5905 545
5576 4665
4279 1870
9785 9517
3686 1881
5428 7563
2554 6143
618 7039
2269 9037
1792 9029
2476 4372
2481 7300
8796 8736
2657 96
654 9065
5962 9231
3897 6559
8429 7891
7408 8176
6409 4566
8481 1094
3589 8190
5229 1035
72 560
5941 7498
8223 8216
1868 8417
7153 7056
7152 664
6081 6162
5394 4158
7070 2044
9935 5643
171 1851
6418 7343
4789 6580
4770 4899
2287 4730
1642 0
3850 2359
576 7583
6001 2073
9130 8796
9461 9506
5669 2634
3145 5542
7586 7415
3058 215
2066 7521
1216 3229
6161 4836
6088 2357
7088 932
7284 4727
7086 5082
2666 7486
5912 4014
2811 5019
4525 1394
4028 8624
4166 6546
3961 7173
3740 8105
1978 3371
6600 2159
3347 9547
1904 9114
46 9435
4162 5344
427 3682
1168 7601
7967 9445
4464 7080
8474 7130
5754 8989
1888 8855
2380 6273
4378 5849
5573 6121
4632 2708
2255 8525
7639 7979
7415 4160
5856 7685
7719 7929
1882 6283
5728 5240
2320 9850
6980 192
5534 7147
2354 9087
5360 7422
9623 4734
7207 6090
8798 5196
3722 8191
6171 1054
1566 7713
1751 9938
4219 7422
58 9470
4710 6102
5952 5786
2331 3383
530 9284
4723 4217
7991 9236
322 6435
2525 7614
9163 7530
2073 7676
5082 9237
6950 8244
8182 6648
422 8701
8172 8754
4856 480
2619 9234
2617 7160
2796 1302
5519 9499
8735 7520
307 9862
7476 9058
2940 2833
6861 2991
2228 5013
9610 1943
4943 5531
4232 4144
2898 5365
2198 8756
4343 7754
1266 1169
2471 6960
2812 4063
7935 4342
4204 7899
3309 8242
7427 8032
1024 2601
3967 4288
2583 9604
5135 3577
4073 7526
9244 5720
828 6972
1078 7794
8963 5171
8484 8697
2760 1434
2128 7648
5547 7047
1641 6332
4364 5209
7810 9069
9709 1740
1345 1777
1706 2293
6171 2832
4904 5780
9104 1767
9561 2085
3608 6534
5231 8524
6310 8444
6092 7991
1390 8438
1122 7992
3201 3032
2101 1839
3579 7363
5493 8162
6807 1276
461 3551
5683 2979
1098 5365
3802 4787
1322 7012
1888 7411
5855 6553
897 8199
2989 8300
6292 2287
1671 4112
5951 5845
9560 3772
8287 5882
7159 1405
4957 5094
4425 7620
9337 640
1780 5524
8888 9492
6903 9454
6007 776
5327 9110
7410 3256
1896 8317
2429 54
2251 3567
3692 4732
614 1812
9569 1979
7073 4125
8097 4526
1519 1499
3375 7435
3279 3299
2753 2263
3039 182
5644 5112
8369 8367
3036 3055
9461 265
184 1817
6549 1713
9877 3876
5855 3515
7641 9446
325 2929
780 5738
9525 1844
1495 4155
6418 2804
9338 600
2064 5809
528 4983
4390 6785
7050 3564
5381 3851
5564 7235
7463 8282
1798 1793
7592 3319
2600 9439
1529 7917
6113 3380
7535 1055
211 3960
912 305
2466 9550
885 2976
9762 9347
2911 5275
9126 3164
6751 4645
9279 1043
9188 4215
7534 1077
6868 6780
1049 134
3514 4750
5805 7162
1122 7401
4058 6016
1918 2034
1363 2876
2223 2803
8078 1125
4289 1487
6132 3557
952 1041
5256 1763
2841 140
6921 9142
9276 6061
811 7970
1485 9142
2895 2968
5337 8959
994 3305
6181 7255
6411 8709
9834 4757
6244 4489
4398 475
1516 8728
491 5350
5491 3124
2266 9684
2098 2412
6734 7894
3388 9261
2230 8219
7179 6283
9588 7567
1174 4525
3234 2122
3231 7585
8427 9420
9895 5827
4555 2825
8176 1412
888 1398
7435 19
8783 9507
7401 5885
5146 5517
89 790
3425 3728
7647 3620
8145 9366
1488 8822
2759 7731
7151 1071
6898 1186
364 7046
4810 7805
5555 4892
4911 2051
1558 2990
8875 3694
5563 8959
6101 374
4102 5652
9272 9527
5245 1750
6924 3769
1500 6733
4156 9683
7222 8651
2050 1054
8859 3938
8830 6860
8911 4414
3757 93
3787 6821
2133 8984
9358 5702
1355 8234
4113 9813
1563 6979
749 9358
2443 8487
4522 8601
3605 6599
4005 8096
2034 5655
8867 2864
3631 864
957 4131
952 7388
6372 1096
6799 9437
7672 2083
1896 4506
1485 8137
3848 3459
8298 8586
7188 2643
5595 9172
7269 793
2800 9600
8817 9303
6520 8019
2150 2448
6188 7477
4926 9455
8892 2560
995 1725
6231 2916
7406 2891
2702 4068
2655 1254
3897 1000
6525 6195
3340 9492
5445 3794
3097 6140
511 4262
6710 5969
3447 2662
8469 2898
1810 4725
6450 3713
6630 2806
5697 9033
9453 4036
1642 4752
2104 2108
4655 1891
7736 8629
2423 7995
487 3181
3795 1873
7842 999
13 505
9755 7641
2366 4834
8547 7917
723 5168
553 5177
5565 2773
3877 7
8467 7207
5451 5981
4611 3123
7470 3187
2720 7034
5259 4310
5309 6515
3372 3102
7095 1674
6508 3127
7396 5814
982 5055
6585 4472
3597 1536
1543 2150
5710 7474
3455 10
9485 1161
700 8066
1453 6956
1266 3420
9935 3064
2518 2927
953 3307
2786 9614
5428 7461
8868 6534
1006 6410
4298 5453
7604 4603
2077 5841
2204 9666
827 1885
6303 1689
4997 7879
1299 7756
821 2615
5542 7586
7245 3339
9305 6495
308 6383
2917 4733
7496 9177
982 276
4879 1794
3988 8586
4604 3309
1546 2544
585 1783
9662 7849
5606 5583
4550 961
4899 2779
6118 93
2940 2144
4879 1776
6509 9601
5130 7797
8073 357
8504 6112
1051 9304
8965 2492
1388 5655
7439 511
8361 1973
3908 7101
4415 3967
3098 8459
4904 9314
7811 9216
7344 4196
3797 2690
6839 3854
4211 8927
5040 4912
569 2715
1559 2443
8098 9534
46 9299
7625 1889
8991 8407
8726 1533
6344 9758
5424 1824
7392 7600
8149 9587
2278 4737
4943 1946
7226 5469
382 5506
4574 8618
1061 7303
6837 6133
1785 5511
7401 6883
1642 9410
7295 2744
2502 368
2192 3640
7592 4278
3866 9585
674 5741
4040 2496
7965 5617
1123 7618
2588 4699
2002 5697